DATA,3.7457,0.0657,314998,3.8114

DATA,3.7091,0.0270,315023,3.7361

DATA,3.7401,0.1513,315047,3.8915

DATA,3.7229,0.1122,315072,3.8351

DATA,3.6508,0.1942,315096,3.8450
DATA,3.8884,0.0086,315121,3.8970

DATA,3.7193,0.1297,315145,3.8490

DATA,3.7519,0.0446,315170,3.7966

DATA,3.7789,0.0547,315195,3.8336

DATA,3.7639,0.1364,315219,3.9004

DATA,3.8607,0.1478,315244,4.0085

DATA,3.7860,0.1335,315280,3.9194

DATA,3.7775,0.0926,315305,3.8701

DATA,3.6894,0.0487,315330,3.7380

DATA,3.7787,0.1365,315354,3.9152

DATA,3.7193,0.0258,315379,3.7452

DATA,3.7338,0.0585,315403,3.7923

DATA,3.7819,0.0727,315428,3.8547

DATA,3.7457,0.1656,315452,3.9113

DATA,3.8166,0.0775,315477,3.8941

DATA,3.7382,0.1852,315501,3.9234

DATA,3.8044,0.1008,315526,3.9051

DATA,3.8097,0.1863,315550,3.9961

DATA,3.8164,0.0994,315575,3.9158

DATA,3.8544,-0.0659,315600,3.7885

DATA,3.7119,0.1566,315636,3.8686

DATA,3.7562,0.0718,315661,3.8281

DATA,3.6816,0.1503,315685,3.8319

DATA,3.7304,0.1491,315710,3.8795

DATA,3.7916,0.0652,315735,3.8567

DATA,3.8263,0.1161,315759,3.9424

DATA,3.7389,0.0841,315784,3.8230

DATA,3.7966,0.0725,315808,3.8692
DATA,3.7686,0.0745,315833,3.8431

DATA,3.7351,0.1126,315857,3.8477

DATA,3.7527,0.1434,315882,3.8961

DATA,3.7779,-0.0229,315907,3.7550

DATA,3.6954,-0.0082,315931,3.6872

DATA,3.7459,0.0843,315956,3.8302

DATA,3.6962,0.0143,315992,3.7104

DATA,3.6736,0.1078,316017,3.7814

DATA,3.7758,0.1652,316042,3.9409

DATA,3.7461,0.0699,316066,3.8160

DATA,3.7270,-0.0108,316091,3.7161

DATA,3.8289,0.1574,316115,3.9863

DATA,3.8560,0.0956,316140,3.9516

DATA,3.8526,-0.0185,316164,3.8341
DATA,3.6982,0.0985,316189,3.7966

DATA,3.7820,0.0961,316213,3.8781

DATA,3.7915,0.0984,316238,3.8899

DATA,3.6944,0.0358,316262,3.7303

DATA,3.7897,0.1199,316287,3.9096

DATA,3.7684,0.0744,316324,3.8428

DATA,3.7949,0.1697,316348,3.9646

DATA,3.7753,0.1021,316373,3.8773

DATA,3.7488,0.0142,316398,3.7630

DATA,3.7619,0.1121,316422,3.8740

DATA,3.8638,-0.0166,316447,3.8472

DATA,3.8441,0.1673,316471,4.0114

DATA,3.7269,0.1581,316496,3.8849

DATA,3.7660,0.1589,316520,3.9249

DATA,3.8506,0.0629,316545,3.9135

DATA,3.8748,0.1234,316569,3.9983

DATA,3.7736,0.2022,316594,3.9757

DATA,3.7164,0.1813,316618,3.8977

DATA,3.8069,0.0971,316643,3.9039

DATA,3.7596,-0.0118,316680,3.7479

DATA,3.6875,0.0687,316704,3.7563

DATA,3.8760,0.0652,316729,3.9413

DATA,4.4340,-0.0649,316754,4.3691

DATA,4.6765,0.1585,316778,4.8349

DATA,4.5492,0.1623,316803,4.7115

DATA,4.6786,0.2462,316827,4.9248

DATA,5.3337,0.0206,316852,5.3543

DATA,5.1453,0.0406,316876,5.1859

DATA,4.9627,0.1402,316901,5.1029

DATA,5.5547,0.0505,316925,5.6052
DATA,8.3411,0.1441,316950,8.4852

DATA,10.3775,0.0362,316974,10.4137

DATA,13.2965,0.1180,317011,13.4145

DATA,16.9805,0.0602,317036,17.0407

DATA,18.3617,0.0956,317060,18.4574

DATA,16.0291,0.0196,317085,16.0487

DATA,13.9660,0.1005,317109,14.0666

DATA,13.2089,0.0212,317134,13.2301

DATA,14.0068,0.1006,317159,14.1074

DATA,15.0789,0.2294,317183,15.3083

DATA,15.7147,-0.0146,317208,15.7001

DATA,16.1778,0.2183,317232,16.3960
DATA,15.6470,0.0859,317257,15.7329

DATA,14.0949,0.0689,317281,14.1639

DATA,13.8175,0.1419,317306,13.9595

DATA,14.2164,0.0685,317330,14.2848

DATA,13.1628,0.1151,317367,13.2779

DATA,11.4654,0.0537,317392,11.5190
DATA,10.5451,0.1293,317416,10.6744

DATA,11.4049,0.0228,317441,11.4277

DATA,12.4384,0.0017,317465,12.4401

DATA,12.8655,0.1012,317490,12.9667

DATA,12.9119,0.1396,317515,13.0516

DATA,13.2523,0.1021,317539,13.3544

DATA,13.7870,0.1391,317564,13.9261

DATA,14.2420,0.0862,317588,14.3282

DATA,14.2524,0.2469,317613,14.4994

DATA,14.1086,-0.0061,317637,14.1025

DATA,13.9120,0.1355,317662,14.0475

DATA,14.0495,0.0964,317686,14.1459

DATA,14.1062,0.0895,317723,14.1957

DATA,14.5389,0.0276,317748,14.5665

DATA,15.2936,0.1306,317772,15.4242

DATA,15.9261,0.1618,317797,16.0879

DATA,15.6369,0.0755,317821,15.7124

DATA,15.4212,0.0360,317846,15.4572

DATA,14.9771,0.0419,317870,15.0191

DATA,14.1422,0.1784,317895,14.3206

DATA,12.0642,0.0528,317920,12.1170
DATA,8.3491,0.1758,317944,8.5248

DATA,5.9446,0.1515,317969,6.0961

DATA,5.0466,0.2231,317993,5.2698

DATA,4.7887,-0.0016,318018,4.7870

DATA,4.3352,0.1016,318055,4.4369

DATA,4.3093,0.1448,318079,4.4541

DATA,4.0731,0.2084,318104,4.2815

DATA,3.7711,0.0851,318128,3.8562

DATA,3.7831,0.0335,318153,3.8166

DATA,3.6031,0.0943,318177,3.6974

DATA,3.5522,0.0324,318202,3.5846

DATA,3.6345,0.1897,318226,3.8242

DATA,3.4888,0.1248,318251,3.6136

DATA,3.4631,0.1857,318276,3.6487

DATA,3.5047,0.0977,318300,3.6023

DATA,3.5164,0.0534,318325,3.5697

DATA,3.4771,0.1728,318349,3.6500

DATA,3.4903,0.1186,318374,3.6089

DATA,3.6668,0.0767,318411,3.7436

DATA,4.2928,0.0625,318435,4.3553

DATA,4.6190,0.0149,318460,4.6339

DATA,5.1568,0.0584,318484,5.2152

DATA,5.3707,0.1810,318509,5.5517

DATA,5.6603,0.1516,318533,5.8119

DATA,5.8887,0.2015,318558,6.0902

DATA,5.9779,0.0564,318582,6.0344

DATA,6.2753,0.1005,318607,6.3757

DATA,6.3274,0.0897,318632,6.4171

DATA,6.0724,0.1615,318656,6.2339

DATA,6.0119,0.1748,318681,6.1867

DATA,5.8334,0.1157,318705,5.9491

DATA,5.8975,-0.0013,318742,5.8962

DATA,5.9824,0.1652,318767,6.1476

DATA,6.4465,0.0967,318791,6.5432

DATA,7.1383,0.0822,318816,7.2204

DATA,7.5341,0.0978,318840,7.6319

DATA,7.8482,0.0669,318865,7.9152

DATA,8.9045,0.0485,318889,8.9530

DATA,9.5977,-0.0687,318914,9.5290

DATA,9.2502,0.1532,318938,9.4033

DATA,8.8297,0.1064,318963,8.9360

DATA,9.1445,0.0985,318988,9.2431

DATA,9.2482,0.0326,319012,9.2808

DATA,9.2116,-0.0200,319037,9.1916

DATA,9.4434,0.1622,319061,9.6056

DATA,9.8486,0.0908,319098,9.9394

DATA,9.8904,-0.0174,319123,9.8730

DATA,9.9375,0.0777,319147,10.0153

DATA,10.0114,0.0239,319172,10.0353

DATA,9.9401,0.0592,319196,9.9994

DATA,9.8129,0.1917,319221,10.0046

DATA,9.8424,0.1860,319245,10.0284

DATA,10.0397,0.1748,319270,10.2146

DATA,10.3172,0.1051,319294,10.4223

DATA,10.4138,0.0547,319319,10.4685

DATA,10.4017,0.0428,319343,10.4446

DATA,10.4009,0.1424,319368,10.5433

DATA,10.3503,0.1050,319393,10.4553

DATA,10.3401,0.1659,319417,10.5061

DATA,9.9785,0.0320,319454,10.0105

DATA,9.6610,0.0443,319478,9.7053

DATA,9.7801,0.1533,319503,9.9334

DATA,9.4475,0.1868,319528,9.6344

DATA,9.6350,0.1144,319552,9.7494

DATA,9.7286,0.1678,319577,9.8964

DATA,9.6102,0.0686,319601,9.6789

DATA,9.3011,0.1993,319626,9.5004

DATA,9.2621,0.0982,319650,9.3603
DATA,9.2846,0.0271,319675,9.3117

DATA,9.1872,0.1294,319699,9.3165

DATA,9.0961,0.0735,319724,9.1696

DATA,8.8471,-0.0854,319749,8.7616

DATA,8.5843,0.1205,319785,8.7049

DATA,8.3680,-0.0307,319810,8.3373

DATA,8.0799,0.1516,319834,8.2315

DATA,8.3907,0.0232,319859,8.4139

DATA,8.5440,0.0854,319884,8.6293

DATA,8.5105,0.0916,319908,8.6021

DATA,8.3993,0.1376,319933,8.5369

DATA,8.0800,0.1999,319957,8.2799

DATA,7.2488,0.0222,319982,7.2711

DATA,6.1617,0.0792,320006,6.2409

DATA,4.4624,0.0685,320031,4.5309

DATA,3.2726,0.1814,320055,3.4540
DATA,3.1396,0.1098,320080,3.2494

DATA,2.9246,0.1277,320104,3.0523

DATA,2.7965,0.0380,320141,2.8345

DATA,2.6330,0.1078,320166,2.7409

DATA,2.4939,0.0647,320190,2.5586

DATA,2.4455,0.0966,320215,2.5421

DATA,2.3093,0.1152,320239,2.4245

DATA,2.2294,0.0124,320264,2.2418

DATA,2.1752,0.0499,320289,2.2252

DATA,2.1577,0.0128,320313,2.1705

DATA,2.1429,-0.0497,320338,2.0932

DATA,2.2119,0.0527,320362,2.2646

DATA,2.1359,0.0052,320387,2.1411

DATA,2.0837,0.0084,320411,2.0921

DATA,2.1936,0.0526,320436,2.2462

DATA,2.1269,0.1745,320473,2.3015

DATA,2.1416,0.1627,320497,2.3044

DATA,2.1407,0.1737,320522,2.3145

DATA,2.2347,0.0995,320546,2.3342

DATA,2.3495,0.2205,320571,2.5701

DATA,2.5164,0.0298,320595,2.5461

DATA,2.9693,0.0402,320620,3.0096

DATA,3.4547,0.1475,320645,3.6022

DATA,5.2487,0.0314,320669,5.2801

DATA,9.3690,0.1714,320694,9.5404

DATA,14.5269,0.0945,320718,14.6215

DATA,15.7671,0.1700,320743,15.9371

DATA,15.7814,0.0108,320767,15.7922

DATA,15.2808,0.0462,320792,15.3270

DATA,14.8428,0.1298,320829,14.9727

DATA,14.0830,-0.0001,320853,14.0829

DATA,13.1885,0.0202,320878,13.2087

DATA,12.4648,0.0974,320902,12.5621

DATA,12.3745,0.0838,320927,12.4583

DATA,11.7655,0.2372,320951,12.0027

DATA,10.3583,0.0995,320976,10.4578

DATA,8.3099,0.0337,321000,8.3435

DATA,5.9276,0.0637,321025,5.9913

DATA,4.4141,0.1495,321050,4.5636

DATA,3.5397,0.0871,321074,3.6268

DATA,3.4126,0.0332,321099,3.4458

DATA,3.3746,0.0977,321123,3.4723

DATA,3.3589,0.1226,321160,3.4815

DATA,3.2990,-0.0298,321185,3.2692

DATA,3.0720,0.1652,321209,3.2371

DATA,3.0933,0.0679,321234,3.1612

DATA,3.2143,0.1673,321258,3.3816

DATA,3.2891,0.0286,321283,3.3177

DATA,3.3677,0.0787,321307,3.4464

DATA,3.8403,0.0525,321332,3.8928

DATA,4.3835,0.0106,321356,4.3941

DATA,5.2403,-0.0463,321381,5.1940

DATA,5.4067,0.2303,321405,5.6370

DATA,5.7477,0.0328,321430,5.7805

DATA,5.9471,0.1204,321455,6.0674

DATA,6.5163,0.0738,321479,6.5901

DATA,6.7693,0.2499,321516,7.0192

DATA,6.5315,0.0990,321540,6.6305

DATA,6.6769,0.0839,321565,6.7608

DATA,6.6729,0.0766,321590,6.7494

DATA,7.1381,0.0495,321614,7.1876

DATA,7.6759,0.0668,321639,7.7428

DATA,7.5970,-0.0017,321663,7.5953

DATA,7.3971,0.0903,321688,7.4874

DATA,7.8035,0.0339,321712,7.8375

DATA,8.4783,0.1279,321737,8.6062

DATA,8.6931,0.0972,321761,8.7903

DATA,8.4694,0.0702,321786,8.5396

DATA,8.5032,0.1757,321810,8.6789

DATA,8.8145,0.1984,321847,9.0129

DATA,8.4126,0.0846,321872,8.4972

DATA,8.0836,0.0966,321896,8.1802

DATA,7.8802,0.0786,321921,7.9588

DATA,7.8353,0.0645,321945,7.8999

DATA,7.6334,0.0696,321970,7.7030

DATA,7.3637,0.0557,321995,7.4194

DATA,7.4369,0.0550,322019,7.4920

DATA,7.8405,0.0311,322044,7.8716

DATA,8.0445,0.0769,322068,8.1214

DATA,7.9704,0.1698,322093,8.1402

DATA,7.7714,0.1386,322117,7.9101

DATA,7.7932,0.1051,322142,7.8983

DATA,7.6559,0.0038,322166,7.6597

DATA,7.2912,0.0363,322203,7.3275

DATA,7.2649,0.1667,322228,7.4316

DATA,7.4148,0.2569,322252,7.6717

DATA,7.4279,0.1443,322277,7.5722

DATA,7.2844,0.0388,322301,7.3232

DATA,6.8323,0.0759,322326,6.9083

DATA,7.1594,0.2890,322350,7.4484

DATA,7.3888,0.1702,322375,7.5590

DATA,7.5570,0.1414,322400,7.6984

DATA,7.2264,0.1101,322424,7.3365

DATA,7.1469,0.0439,322449,7.1908

DATA,7.1934,0.0556,322473,7.2490

DATA,7.3202,0.0508,322498,7.3710

DATA,7.5982,0.0520,322535,7.6502

DATA,7.5549,0.0493,322559,7.6042

DATA,7.8655,0.0204,322584,7.8859

DATA,8.2244,0.1416,322608,8.3660

DATA,8.3650,0.0496,322633,8.4146

DATA,7.8307,0.1331,322657,7.9637

DATA,7.9868,0.1333,322682,8.1202

DATA,8.1813,-0.0614,322706,8.1199

DATA,8.2462,0.0771,322731,8.3233

DATA,8.1226,0.0937,322756,8.2164

DATA,7.6779,0.1758,322780,7.8537

DATA,6.9049,0.1992,322805,7.1041

DATA,6.3644,0.1609,322829,6.5253

DATA,5.3903,0.1929,322854,5.5832

DATA,4.6159,0.0525,322891,4.6685

DATA,3.8102,0.1661,322915,3.9762

DATA,3.2727,0.0614,322940,3.3341

DATA,3.0194,0.0699,322964,3.0893

DATA,2.7017,0.1072,322989,2.8089

DATA,2.2856,0.0357,323013,2.3214

DATA,2.2506,0.1118,323038,2.3624

DATA,2.2540,0.0262,323062,2.2802

DATA,2.1562,0.0858,323087,2.2421

DATA,2.1948,0.1358,323111,2.3307

DATA,2.1594,0.1954,323136,2.3549

DATA,2.1787,0.0314,323161,2.2101

DATA,2.1821,-0.0634,323185,2.1188

DATA,2.1460,0.1637,323222,2.3097

DATA,2.1476,0.0632,323246,2.2109

DATA,2.1221,0.1705,323271,2.2926

DATA,2.1705,0.2107,323296,2.3812

DATA,2.2255,0.1233,323320,2.3488

DATA,2.2186,0.0531,323345,2.2716

DATA,2.3211,0.0934,323369,2.4145

DATA,2.2028,0.0229,323394,2.2257

DATA,2.1681,0.0804,323418,2.2485

DATA,2.2060,0.2064,323443,2.4124

DATA,2.2473,0.0665,323467,2.3138

DATA,2.2517,0.1528,323492,2.4045

DATA,2.2938,0.0487,323517,2.3426

DATA,2.3722,0.1387,323541,2.5109

DATA,2.2284,0.0218,323578,2.2502

DATA,2.2710,0.1422,323602,2.4132

DATA,2.2327,0.0403,323627,2.2729

DATA,2.3199,0.1185,323652,2.4384

DATA,2.2821,0.1072,323676,2.3893

DATA,2.3536,0.0009,323701,2.3545

DATA,2.3375,0.1683,323725,2.5058

DATA,2.3247,-0.0004,323750,2.3243

DATA,2.4173,0.0020,323774,2.4193

DATA,2.3505,0.0373,323799,2.3878

DATA,2.3333,0.0662,323823,2.3994

DATA,2.3365,0.0120,323848,2.3485

DATA,2.2552,0.0523,323872,2.3075

DATA,2.3783,0.0449,323909,2.4232

DATA,2.3045,0.1097,323934,2.4142

DATA,2.4126,0.0905,323958,2.5031

DATA,2.4027,0.0985,323983,2.5012

DATA,2.4415,0.0778,324007,2.5193

DATA,2.3504,0.1564,324032,2.5068

DATA,2.4110,0.2242,324057,2.6352

DATA,2.4385,0.0648,324081,2.5033

DATA,2.3711,0.2136,324106,2.5848

DATA,2.5047,0.0244,324130,2.5290

DATA,2.4683,0.0837,324155,2.5520

DATA,2.4323,0.0296,324179,2.4619

DATA,2.4225,0.1357,324204,2.5582

DATA,2.5887,-0.0338,324228,2.5549

DATA,2.4701,0.0879,324265,2.5581

DATA,2.5824,0.0813,324290,2.6637

DATA,2.5305,0.1245,324314,2.6549

DATA,2.4713,0.0312,324339,2.5025

DATA,2.5271,0.0729,324363,2.6000

DATA,2.4110,0.1009,324388,2.5120

DATA,2.5818,0.0985,324413,2.6802

