DATA,4.5578,0.2947,536570,4.8524

DATA,4.4981,0.1885,536595,4.6866

DATA,4.5352,0.1942,536619,4.7293

DATA,4.5335,0.0018,536656,4.5353

DATA,4.5744,0.0934,536681,4.6678

DATA,4.5830,0.0462,536705,4.6292

DATA,4.4713,0.1877,536730,4.6590

DATA,4.4992,0.0468,536754,4.5460

DATA,4.4809,0.1589,536779,4.6398

DATA,4.4157,0.1567,536803,4.5724

DATA,4.5210,0.1336,536828,4.6546

DATA,4.6746,0.1192,536853,4.7938

DATA,4.5067,0.1592,536877,4.6659

DATA,4.5791,0.1193,536902,4.6985

DATA,4.6474,0.2288,536926,4.8763

DATA,4.5534,0.2242,536951,4.7775

DATA,4.6343,0.0868,536988,4.7211

DATA,4.4711,0.1536,537012,4.6246

DATA,4.4684,0.1698,537037,4.6383

DATA,4.5090,0.1016,537061,4.6105

DATA,4.4733,0.1125,537086,4.5858

DATA,4.4849,0.1069,537110,4.5918

DATA,4.4065,0.0914,537135,4.4979

DATA,4.4517,0.1232,537159,4.5749

DATA,4.5006,0.0289,537184,4.5296

DATA,4.5113,0.2939,537209,4.8052

DATA,4.6123,0.1524,537233,4.7646

DATA,4.5627,0.1319,537258,4.6946

DATA,4.5594,0.0468,537282,4.6062

DATA,4.4827,0.0538,537307,4.5365

DATA,4.5540,0.1067,537344,4.6607

DATA,4.4736,0.1796,537368,4.6532

DATA,4.4610,0.0726,537393,4.5336

DATA,4.5602,0.0929,537417,4.6531

DATA,4.5433,0.2441,537442,4.7874
DATA,4.5893,0.0468,537466,4.6362

DATA,4.4085,0.0881,537491,4.4966

DATA,4.4190,0.0381,537515,4.4570

DATA,4.4753,0.1075,537540,4.5828

DATA,4.4782,0.1168,537565,4.5950

DATA,4.5254,0.0999,537589,4.6253

DATA,4.4956,0.3277,537614,4.8233

DATA,4.4784,0.0598,537638,4.5382

DATA,4.5180,0.1303,537663,4.6483

DATA,4.5659,0.0680,537700,4.6339

DATA,4.5382,0.2516,537724,4.7898

DATA,4.4927,0.1332,537749,4.6259

DATA,4.5475,0.1567,537773,4.7042

DATA,4.5798,0.1311,537798,4.7109

DATA,4.5664,0.1966,537822,4.7630

DATA,4.5067,0.1866,537847,4.6933

DATA,4.6172,0.1721,537872,4.7892

DATA,4.4637,0.2631,537896,4.7268

DATA,4.4840,0.0615,537921,4.5454

DATA,4.4862,0.1428,537945,4.6291

DATA,4.5922,0.2004,537970,4.7926

DATA,4.6283,0.1843,537994,4.8126

DATA,4.5390,0.0977,538031,4.6367

DATA,4.5531,0.1453,538056,4.6984

DATA,4.4558,0.0689,538080,4.5247

DATA,4.5676,0.0385,538105,4.6060

DATA,4.5668,0.1555,538129,4.7222

DATA,4.6751,0.1394,538154,4.8145

DATA,4.5940,0.0341,538178,4.6281

DATA,4.6001,0.1751,538203,4.7752

DATA,4.5138,0.1319,538228,4.6457

DATA,4.5061,0.1777,538252,4.6838
DATA,4.5158,0.2709,538277,4.7867

DATA,4.4414,0.1465,538301,4.5878

DATA,4.5548,0.2566,538326,4.8114

DATA,4.4745,0.0306,538350,4.5051

DATA,4.5382,0.2864,538387,4.8245

DATA,4.6372,0.2425,538412,4.8797

DATA,4.5311,0.1106,538436,4.6417

DATA,4.6116,0.0648,538461,4.6764

DATA,4.5505,0.1441,538485,4.6946

DATA,4.5040,0.1673,538510,4.6714

DATA,4.4884,0.1737,538534,4.6621

DATA,4.5901,0.1775,538559,4.7676

DATA,4.5585,0.0831,538584,4.6415

DATA,4.4491,0.0995,538608,4.5486

DATA,4.4915,0.1649,538633,4.6565

DATA,4.5939,0.0895,538657,4.6833

DATA,4.4858,0.0282,538682,4.5141

DATA,4.5351,0.1091,538719,4.6442

DATA,4.4381,0.1463,538743,4.5843

DATA,4.5832,0.1545,538768,4.7378

DATA,4.5301,0.2143,538792,4.7443

DATA,4.4936,0.0568,538817,4.5504

DATA,4.4980,0.1467,538841,4.6447

DATA,4.5694,0.0655,538866,4.6349

DATA,4.4828,0.2512,538890,4.7340

DATA,4.5795,0.2269,538915,4.8065

DATA,4.5074,0.0624,538940,4.5699

DATA,4.5508,-0.0027,538964,4.5481

DATA,4.5569,0.0763,538989,4.6332

DATA,4.5403,0.0836,539013,4.6239

DATA,4.4436,0.2326,539038,4.6762

DATA,4.5937,0.1687,539075,4.7623

DATA,4.5900,0.1405,539099,4.7306

DATA,4.6374,0.0734,539124,4.7107

DATA,4.4898,0.1653,539148,4.6551

DATA,4.5697,0.1428,539173,4.7125

DATA,4.4663,0.1616,539197,4.6279

DATA,4.5156,0.1729,539222,4.6885

DATA,4.4943,0.1487,539247,4.6430

DATA,4.4827,0.1939,539271,4.6766
DATA,4.5007,0.0198,539296,4.5205

DATA,4.4811,0.2142,539320,4.6953

DATA,3.5311,0.0013,539345,3.5324

DATA,3.4496,0.0999,539369,3.5496

DATA,3.6866,0.0726,539406,3.7592

DATA,3.7182,0.1905,539431,3.9087

DATA,3.7917,0.2347,539455,4.0264

DATA,6.4377,0.3120,539480,6.7497

DATA,9.2233,0.1726,539504,9.3960

DATA,13.2865,0.0545,539529,13.3410

DATA,15.1703,0.1582,539553,15.3285

DATA,14.3839,0.1729,539578,14.5569
DATA,14.1800,0.1825,539603,14.3626

DATA,14.9423,0.1577,539627,15.1000

DATA,14.1134,0.1885,539652,14.3019

DATA,13.0638,0.1410,539676,13.2048

DATA,12.4916,0.2181,539701,12.7096

DATA,12.0380,0.0998,539725,12.1378

DATA,12.0686,0.1581,539762,12.2267

DATA,10.2482,0.0567,539787,10.3049

DATA,6.8067,0.0961,539811,6.9028

DATA,4.8656,0.1894,539836,5.0549

DATA,4.5634,0.1276,539860,4.6910

DATA,4.2484,0.1617,539885,4.4101

DATA,4.2309,0.1805,539910,4.4114
DATA,4.2100,0.1812,539934,4.3912

DATA,4.1172,0.1878,539959,4.3051

DATA,4.0501,0.1546,539983,4.2047

DATA,4.0735,0.0799,540008,4.1534

DATA,4.2259,0.0380,540032,4.2639

DATA,4.3328,0.1629,540057,4.4957

DATA,4.2298,0.2061,540094,4.4359

DATA,4.3645,0.2332,540118,4.5976

DATA,4.4925,0.0952,540143,4.5876

DATA,4.5778,0.1946,540167,4.7724

DATA,5.5125,0.0687,540192,5.5812

DATA,6.2122,0.2135,540217,6.4257

DATA,6.5103,0.1368,540241,6.6471

DATA,6.3387,0.2899,540266,6.6286

DATA,6.2077,0.1866,540290,6.3942

DATA,6.8318,0.1674,540315,6.9992

DATA,8.2239,0.1739,540339,8.3978

DATA,10.0263,0.1748,540364,10.2011

DATA,10.6996,0.0363,540388,10.7359

DATA,10.4601,0.1841,540413,10.6441

DATA,10.6602,0.1777,540450,10.8379

DATA,11.8060,0.1668,540474,11.9728

DATA,12.8807,0.1306,540499,13.0113

DATA,13.5415,0.2202,540523,13.7617

DATA,13.9408,0.1596,540548,14.1004

DATA,14.6487,0.0678,540573,14.7165

DATA,15.4558,0.0742,540597,15.5300

DATA,16.0445,0.1916,540622,16.2362

DATA,16.1885,0.2008,540646,16.3894

DATA,15.9020,0.2015,540671,16.1035

DATA,15.4892,0.1187,540695,15.6079

DATA,14.9701,0.1912,540720,15.1612

DATA,14.7241,0.1753,540744,14.8993

DATA,14.7223,0.2465,540769,14.9688

DATA,14.3763,0.1025,540806,14.4787

DATA,12.8536,0.1041,540830,12.9577

DATA,8.7555,0.0169,540855,8.7724

DATA,5.0080,0.2509,540880,5.2590

DATA,4.3007,0.0303,540904,4.3309

DATA,3.8977,0.1961,540929,4.0939

DATA,3.8986,0.1729,540953,4.0715

DATA,3.9107,0.2231,540978,4.1338

DATA,3.8129,0.1224,541002,3.9353

DATA,3.8814,0.0518,541027,3.9332

DATA,3.9419,0.1073,541051,4.0492

DATA,3.9780,0.2769,541076,4.2549

DATA,4.0671,0.2243,541101,4.2913

DATA,4.2492,0.1237,541137,4.3728

DATA,4.5190,0.0963,541162,4.6152

DATA,4.8908,0.1292,541187,5.0200

DATA,5.6465,0.2131,541211,5.8595

DATA,6.0381,0.0719,541236,6.1099

DATA,6.3407,0.0381,541260,6.3788

DATA,6.4895,0.2166,541285,6.7061
DATA,8.3283,0.0998,541309,8.4281

DATA,9.2670,0.1189,541334,9.3859

DATA,9.6723,0.0744,541358,9.7466

DATA,9.9017,0.1077,541383,10.0094

DATA,9.5107,0.0299,541408,9.5406

DATA,9.0963,0.1786,541432,9.2749

DATA,9.3012,0.1583,541457,9.4595

DATA,9.5477,0.1775,541494,9.7252

DATA,9.4884,0.2098,541518,9.6982

DATA,9.3615,0.0683,541543,9.4297

DATA,9.8081,0.1623,541567,9.9703

DATA,10.4469,0.2285,541592,10.6754

DATA,10.6083,0.1608,541616,10.7691
DATA,10.0980,0.0764,541641,10.1744

DATA,10.2555,0.3272,541665,10.5827

DATA,10.2514,0.0645,541690,10.3159

DATA,9.8723,0.1619,541715,10.0342

DATA,9.6626,0.1154,541739,9.7780

DATA,9.4081,0.1124,541764,9.5205

DATA,9.2541,0.1211,541788,9.3752

DATA,8.7101,0.1144,541825,8.8245

DATA,8.3412,0.0551,541850,8.3963
DATA,8.2226,0.1883,541874,8.4109

DATA,7.8984,0.2068,541899,8.1052

DATA,8.1164,0.1284,541923,8.2448

DATA,8.7761,0.0258,541948,8.8019

DATA,9.3577,0.2027,541972,9.5604
DATA,9.8589,0.1014,541997,9.9603

DATA,9.5935,0.1986,542022,9.7921

DATA,9.4623,0.1182,542046,9.5804

DATA,10.3564,0.2398,542071,10.5962

DATA,11.1677,0.2154,542095,11.3831

DATA,12.3839,0.0929,542120,12.4768

DATA,13.1593,0.1009,542144,13.2603

DATA,14.1341,0.2033,542181,14.3374

DATA,14.9137,0.1689,542206,15.0826

DATA,15.0325,0.1829,542230,15.2154

DATA,15.4385,0.1792,542255,15.6177

DATA,15.9684,0.1386,542279,16.1070
DATA,15.8405,0.0821,542304,15.9226

DATA,15.6616,0.0721,542329,15.7337

DATA,15.5032,0.3052,542353,15.8084

DATA,15.0371,0.1436,542378,15.1807

DATA,14.1564,0.2632,542402,14.4196

DATA,12.5463,0.1718,542427,12.7181

DATA,11.2983,0.0885,542451,11.3868

DATA,8.6320,0.1612,542476,8.7932

DATA,5.5743,0.2186,542500,5.7929

DATA,4.0295,0.1521,542537,4.1816

DATA,3.7932,0.1004,542562,3.8937

DATA,3.5764,0.1367,542586,3.7131

DATA,3.5177,0.1447,542611,3.6624

DATA,3.5642,0.1409,542635,3.7050

DATA,3.5543,0.1427,542660,3.6971

DATA,3.4553,0.0605,542685,3.5158

DATA,3.4108,0.1357,542709,3.5465

DATA,3.3754,0.0565,542734,3.4319

DATA,3.4410,0.2767,542758,3.7178

DATA,3.4128,0.1437,542783,3.5565

DATA,3.3220,0.2277,542807,3.5497

DATA,3.3669,0.0969,542832,3.4638

DATA,3.4933,0.1428,542869,3.6361

DATA,3.3828,0.0263,542893,3.4090

DATA,3.4332,0.0493,542918,3.4824

DATA,3.3722,0.1012,542942,3.4734

DATA,3.3721,0.1857,542967,3.5578

DATA,3.3773,0.2629,542992,3.6402
DATA,3.4104,0.1584,543016,3.5689

DATA,3.4036,0.2009,543041,3.6046

DATA,3.3058,0.1309,543065,3.4367

DATA,3.4012,0.1611,543090,3.5623

DATA,3.3733,0.2226,543114,3.5958

DATA,3.3837,0.2455,543139,3.6292

DATA,3.4458,0.1253,543163,3.5711

DATA,3.4188,0.1459,543188,3.5648

DATA,3.3251,0.1842,543225,3.5093

DATA,3.4266,0.0448,543249,3.4714

DATA,3.4479,0.2158,543274,3.6637

DATA,3.3628,0.1909,543299,3.5537

DATA,3.3074,0.2399,543323,3.5473

DATA,3.3112,0.1977,543348,3.5090
DATA,3.4291,0.0513,543372,3.4804

DATA,3.3208,0.1653,543397,3.4861

DATA,3.3638,0.1247,543421,3.4885

DATA,3.4046,0.1837,543446,3.5883

DATA,3.3388,0.1546,543470,3.4934

DATA,3.3717,0.1472,543495,3.5189

DATA,3.3871,0.2978,543520,3.6848

DATA,3.4056,0.2183,543556,3.6239

DATA,3.3198,0.2046,543581,3.5244

DATA,3.3998,0.2063,543606,3.6062

DATA,3.3602,0.0951,543630,3.4553

DATA,3.3552,0.2178,543655,3.5730

DATA,3.3216,0.1085,543679,3.4302

DATA,3.4155,0.1127,543704,3.5282

DATA,3.3059,0.0865,543728,3.3924

DATA,3.4095,0.2593,543753,3.6688

DATA,3.3175,0.1638,543777,3.4813

DATA,3.3399,0.1032,543802,3.4430

DATA,3.2594,0.2823,543827,3.5417

DATA,3.4071,0.1561,543851,3.5632

DATA,3.3456,0.1068,543876,3.4524

DATA,3.4156,0.1424,543912,3.5580

