DATA,4.5946,0.0849,496717,4.6795

DATA,4.4818,0.2391,496742,4.7209

DATA,4.6266,0.1296,496766,4.7562

DATA,4.5684,0.0300,496791,4.5984

DATA,4.5372,0.2043,496815,4.7414

DATA,4.6985,0.0463,496840,4.7447

DATA,4.5664,0.1909,496864,4.7573

DATA,4.6586,0.1783,496889,4.8370

DATA,4.6598,0.0849,496926,4.7447

DATA,4.5619,0.1638,496950,4.7258

DATA,4.6766,0.0411,496975,4.7176

DATA,4.5545,0.1651,497000,4.7196

DATA,4.6111,0.0243,497024,4.6353

DATA,4.6773,0.2484,497049,4.9257

DATA,4.6580,0.0673,497073,4.7252

DATA,4.7117,0.2648,497098,4.9765

DATA,4.5005,0.2098,497122,4.7103

DATA,4.5635,0.1831,497147,4.7466

DATA,4.6152,0.1151,497171,4.7303

DATA,4.6505,0.1894,497196,4.8398

DATA,4.5757,0.0392,497220,4.6149

DATA,4.5716,0.2555,497257,4.8271

DATA,4.7026,0.1701,497282,4.8727

DATA,4.6301,0.1717,497306,4.8018

DATA,4.5798,0.0349,497331,4.6147

DATA,4.5694,0.2005,497356,4.7699

DATA,4.5843,0.0158,497380,4.6001

DATA,4.6774,0.1102,497405,4.7875

DATA,4.5772,0.1854,497429,4.7626

DATA,4.6710,0.0994,497454,4.7703

DATA,4.6666,0.1011,497478,4.7677

DATA,4.5802,0.1735,497503,4.7537

DATA,4.5828,0.0107,497527,4.5935

DATA,4.5739,0.0981,497552,4.6720

DATA,4.6806,0.2233,497577,4.9039

DATA,4.6469,0.1726,497613,4.8195

DATA,4.7030,0.1386,497638,4.8416

DATA,4.6582,0.2532,497662,4.9114

DATA,4.6311,0.1834,497687,4.8144

DATA,4.4779,0.1408,497712,4.6187

DATA,4.5925,0.0749,497736,4.6675

DATA,4.6096,0.1766,497761,4.7862

DATA,4.6839,0.1994,497785,4.8833

DATA,4.5748,0.1964,497810,4.7712

DATA,4.6168,-0.0015,497834,4.6153

DATA,4.6816,0.1209,497859,4.8024

DATA,4.6484,0.1340,497883,4.7824

DATA,4.6183,0.0398,497908,4.6582

DATA,4.6614,0.0802,497933,4.7416

DATA,4.6127,0.1598,497969,4.7726

DATA,4.6476,-0.0537,497994,4.5939

DATA,4.4621,0.1139,498019,4.5760

DATA,4.7148,0.1027,498043,4.8176

DATA,5.1546,0.0977,498068,5.2522

DATA,4.1338,0.0197,498092,4.1535

DATA,3.7701,0.0657,498117,3.8358

DATA,4.0858,0.2309,498141,4.3167

DATA,5.5980,0.0738,498166,5.6718

DATA,7.2294,0.1112,498190,7.3406

DATA,8.8828,0.1548,498215,9.0375

DATA,9.8697,0.2231,498240,10.0928

DATA,10.5251,0.1519,498264,10.6771

DATA,10.7482,0.1941,498301,10.9422

DATA,10.7638,0.0828,498325,10.8466

DATA,11.0005,0.2071,498350,11.2076

DATA,11.6125,0.2804,498375,11.8929

DATA,12.0291,0.1113,498399,12.1404

DATA,12.5618,0.0883,498424,12.6502

DATA,13.0913,0.1348,498448,13.2261

DATA,13.6532,0.1530,498473,13.8062

DATA,13.9945,0.1804,498497,14.1749

DATA,13.5170,0.0814,498522,13.5984

DATA,12.6798,0.1949,498546,12.8747

DATA,11.9820,0.0984,498571,12.0804

DATA,11.7540,0.1093,498596,11.8633

DATA,11.8268,0.1170,498620,11.9438

DATA,11.6118,0.1198,498657,11.7316

DATA,11.1250,0.2245,498681,11.3495

DATA,10.6759,0.0615,498706,10.7375

DATA,10.2441,0.1388,498731,10.3829

DATA,9.4513,0.1861,498755,9.6374

DATA,7.5870,0.1893,498780,7.7763

DATA,5.2390,0.1757,498804,5.4147

DATA,4.6883,-0.0197,498829,4.6686

DATA,4.5377,0.0804,498853,4.6181

DATA,4.5401,0.1608,498878,4.7009

DATA,4.5394,0.1380,498902,4.6774

DATA,4.4014,0.1379,498927,4.5393

DATA,4.2550,0.1372,498952,4.3922

DATA,4.3742,0.1856,498976,4.5598

DATA,4.3171,0.0535,499013,4.3706

DATA,4.3366,0.1576,499038,4.4942

DATA,4.3281,0.0902,499062,4.4183

DATA,4.3289,0.0060,499087,4.3349

DATA,4.3945,0.2353,499111,4.6298

DATA,4.2101,0.0227,499136,4.2329

DATA,4.4989,0.1830,499160,4.6819

DATA,4.8024,0.1574,499185,4.9598

DATA,4.6428,0.1079,499209,4.7507

DATA,4.2491,0.1163,499234,4.3654

DATA,3.8241,0.1503,499259,3.9743

DATA,4.0028,0.1396,499283,4.1424

DATA,3.9398,0.1991,499308,4.1389

DATA,3.8027,0.1434,499345,3.9461

DATA,3.9102,0.3022,499369,4.2124

DATA,4.8470,0.1527,499394,4.9997

DATA,6.1018,0.1922,499418,6.2940

DATA,6.4735,0.1696,499443,6.6432

DATA,6.2871,0.1654,499467,6.4525

DATA,6.4939,0.2409,499492,6.7348

DATA,7.7659,0.1998,499516,7.9657

DATA,8.4942,0.1334,499541,8.6276

DATA,9.1378,0.1491,499565,9.2868

DATA,8.9590,0.1505,499590,9.1095

DATA,9.0261,0.1562,499615,9.1823

DATA,8.9653,0.2681,499639,9.2333

DATA,8.8970,0.1997,499664,9.0968

DATA,8.8205,0.0307,499701,8.8512

DATA,8.9153,0.1676,499725,9.0828

DATA,9.2576,0.1504,499750,9.4080

DATA,9.8179,0.1407,499774,9.9586

DATA,10.3254,0.1227,499799,10.4482

DATA,10.3401,0.2349,499823,10.5750

DATA,9.7632,0.0291,499848,9.7923

DATA,9.3842,0.1685,499872,9.5528

DATA,9.5258,0.1734,499897,9.6992

DATA,9.8150,0.0921,499922,9.9071

DATA,9.8780,0.1034,499946,9.9814

DATA,8.6316,0.1623,499971,8.7938

DATA,7.4915,0.1682,499995,7.6596

DATA,8.2529,0.0384,500032,8.2913

DATA,9.6103,0.2114,500057,9.8217

DATA,8.8170,0.0449,500081,8.8619

DATA,4.7603,0.2953,500106,5.0555

DATA,4.2679,0.1202,500130,4.3881

DATA,3.7604,0.2247,500155,3.9852

DATA,3.7550,0.1941,500179,3.9491

DATA,3.6537,0.0746,500204,3.7283

DATA,3.5585,0.1073,500228,3.6659

DATA,3.5641,0.3215,500253,3.8856

DATA,3.5392,0.1196,500278,3.6588

DATA,3.5351,0.1693,500302,3.7044

DATA,3.7855,0.1384,500327,3.9239

DATA,3.7980,0.3479,500351,4.1459

DATA,3.9073,0.2185,500388,4.1259

DATA,3.9147,0.0676,500413,3.9823

DATA,5.0408,0.1956,500437,5.2365

DATA,6.5687,0.1602,500462,6.7289

DATA,8.5244,0.1655,500486,8.6899

DATA,10.6081,0.1745,500511,10.7826

DATA,12.2246,0.1782,500535,12.4028

DATA,14.4313,0.1377,500560,14.5690

DATA,14.9389,0.1734,500585,15.1123

DATA,15.7234,0.2112,500609,15.9346

DATA,16.5939,0.1467,500634,16.7406

DATA,16.4590,0.0584,500658,16.5173

DATA,16.6256,0.1418,500683,16.7675

DATA,16.8151,0.1742,500720,16.9893

DATA,17.1470,0.1439,500744,17.2910

DATA,17.0267,0.1993,500769,17.2259

DATA,16.5628,0.1579,500793,16.7207

DATA,16.0116,0.0897,500818,16.1013

DATA,15.4274,0.1392,500842,15.5666

DATA,13.9654,0.2374,500867,14.2027

DATA,11.5229,0.1057,500891,11.6286

DATA,7.3882,0.0396,500916,7.4278

DATA,4.2817,0.1398,500941,4.4215

DATA,3.8233,0.1472,500965,3.9705

DATA,3.4965,0.1491,500990,3.6456

DATA,3.6914,0.1858,501014,3.8771

DATA,3.4821,0.1046,501039,3.5868

DATA,3.5292,0.0752,501076,3.6045

DATA,3.4691,0.1028,501100,3.5719

DATA,3.5234,0.2258,501125,3.7492

DATA,3.4326,0.1906,501149,3.6232

DATA,3.4887,0.2288,501174,3.7176

DATA,3.4770,0.2307,501198,3.7077

DATA,3.4320,0.1340,501223,3.5660

DATA,3.4015,0.1633,501247,3.5647

DATA,3.3987,0.1303,501272,3.5290

DATA,3.3858,0.1324,501297,3.5183

DATA,3.3788,0.1339,501321,3.5127

DATA,3.3789,0.1827,501346,3.5616

DATA,3.3968,0.0896,501370,3.4863

DATA,3.4252,0.1268,501395,3.5521

DATA,3.4224,0.1616,501432,3.5840

DATA,3.3114,0.0462,501456,3.3576

DATA,3.3727,0.0644,501481,3.4371

DATA,3.3568,0.1831,501505,3.5398

DATA,3.3864,0.0983,501530,3.4847

DATA,3.2929,0.1898,501554,3.4827

DATA,3.4627,0.2457,501579,3.7084

DATA,3.4248,0.0727,501604,3.4975

DATA,3.3782,0.1710,501628,3.5492

DATA,3.3986,0.1223,501653,3.5210

DATA,3.4230,0.1575,501677,3.5805

DATA,3.3850,0.1045,501702,3.4895

DATA,3.3844,0.1436,501726,3.5280

DATA,3.4057,0.1592,501763,3.5649

DATA,3.3883,0.1231,501788,3.5114

DATA,3.4434,0.0995,501812,3.5429

DATA,3.3646,0.1943,501837,3.5589

DATA,3.3836,0.1557,501861,3.5393

DATA,3.3241,0.1134,501886,3.4375

DATA,3.3373,0.2882,501911,3.6255

DATA,3.3581,0.1352,501935,3.4933

DATA,3.4356,0.0552,501960,3.4908

DATA,3.4519,0.1728,501984,3.6248

DATA,3.3404,0.2041,502009,3.5444

DATA,3.3927,0.2036,502033,3.5963

DATA,3.2477,0.1816,502058,3.4294

DATA,3.2860,0.1733,502082,3.4593

DATA,3.3640,0.1980,502119,3.5620

DATA,3.3137,0.1921,502144,3.5058

DATA,3.4427,0.1459,502168,3.5886

DATA,3.3967,0.1539,502193,3.5506

DATA,3.3791,0.1512,502218,3.5303

DATA,3.3412,0.1501,502242,3.4914

