DATA,0.6991,0.0169,419091,0.7160

DATA,0.7611,0.0276,419116,0.7887

DATA,0.6907,0.0104,419140,0.7011

DATA,0.9027,0.0094,419177,0.9121

DATA,0.7302,0.0757,419202,0.8059

DATA,0.7430,-0.0639,419227,0.6790

DATA,0.6585,0.1092,419251,0.7677

DATA,0.8064,0.0532,419276,0.8597

DATA,0.7968,0.0582,419300,0.8550

DATA,0.6707,0.1035,419325,0.7742

DATA,0.6943,0.0568,419350,0.7512

DATA,0.6194,-0.0166,419374,0.6028

DATA,0.6458,0.1217,419399,0.7675

DATA,0.7495,0.0694,419423,0.8188

DATA,0.6756,-0.0236,419448,0.6520

DATA,0.7047,0.0653,419473,0.7699

DATA,0.7182,0.0608,419510,0.7790

DATA,0.7213,-0.0211,419534,0.7002

DATA,0.7096,-0.0902,419559,0.6194

DATA,0.7531,-0.0604,419583,0.6928

DATA,0.7847,-0.0087,419608,0.7761

DATA,0.6660,0.0587,419633,0.7247

DATA,0.7075,0.0190,419657,0.7265

DATA,0.7322,-0.0401,419682,0.6921

DATA,0.7183,0.0584,419706,0.7768

DATA,0.8283,-0.0873,419731,0.7410

DATA,0.6719,-0.0716,419756,0.6003

DATA,0.7453,0.0791,419780,0.8244

DATA,0.7290,0.1171,419805,0.8461

DATA,0.7434,0.0000,419829,0.7434

DATA,0.7466,-0.0094,419866,0.7373

DATA,0.6682,0.0577,419891,0.7259

DATA,0.7720,0.0295,419915,0.8014

DATA,0.6358,0.0825,419940,0.7183

DATA,0.7615,0.0636,419965,0.8251
DATA,0.7445,-0.1435,419989,0.6010

DATA,0.7655,0.0049,420014,0.7705

DATA,0.7019,0.0515,420038,0.7534

DATA,0.7026,0.0556,420063,0.7583

DATA,0.7501,0.0491,420088,0.7992

DATA,0.7263,-0.0701,420112,0.6562

DATA,0.7193,0.0584,420137,0.7777

DATA,0.6992,0.0947,420161,0.7940

DATA,0.8814,0.0376,420186,0.9190

DATA,0.6898,-0.0158,420223,0.6739

DATA,0.7163,0.0273,420248,0.7436

DATA,0.8450,0.1104,420272,0.9553

DATA,0.9107,-0.0699,420297,0.8408

DATA,1.0084,0.0343,420321,1.0428

DATA,0.8586,-0.0867,420346,0.7719

DATA,0.9356,0.0558,420371,0.9914

DATA,1.8049,-0.0737,420395,1.7312

DATA,2.4583,0.0644,420420,2.5227

DATA,2.6777,0.0766,420444,2.7543

DATA,2.7673,0.0583,420469,2.8256

DATA,3.3459,0.0258,420494,3.3717

DATA,4.6742,-0.1954,420518,4.4788

DATA,4.8379,0.1139,420543,4.9518

DATA,5.3993,-0.0065,420580,5.3928

DATA,6.4588,-0.0501,420604,6.4087

DATA,8.5909,-0.0014,420629,8.5895

DATA,10.1044,0.0409,420654,10.1453

DATA,9.6549,0.0052,420678,9.6600

DATA,9.3846,-0.0046,420703,9.3801

DATA,9.9416,0.1274,420727,10.0690

DATA,11.0243,0.0612,420752,11.0855

DATA,11.9917,-0.0237,420777,11.9680

DATA,12.1818,-0.0182,420801,12.1636

DATA,11.8967,0.0358,420826,11.9325

DATA,10.8382,-0.0049,420850,10.8332
DATA,10.5813,0.0607,420875,10.6420

DATA,11.2652,-0.0218,420900,11.2434

DATA,12.5884,0.0813,420936,12.6697

DATA,12.6571,-0.0753,420961,12.5818

DATA,11.8547,0.1202,420986,11.9749

DATA,12.0614,-0.1117,421010,11.9497

DATA,12.9198,0.1172,421035,13.0369

DATA,13.7100,0.0512,421059,13.7612

DATA,15.0239,-0.0236,421084,15.0003

DATA,15.5965,0.0372,421109,15.6336

DATA,14.7632,0.1476,421133,14.9107

DATA,14.3085,-0.0274,421158,14.2812

DATA,14.3173,-0.0245,421183,14.2929

DATA,14.8877,0.0365,421207,14.9242

DATA,15.2100,0.1033,421232,15.3133

DATA,14.5917,0.0636,421269,14.6553

DATA,14.1917,-0.0632,421293,14.1285

DATA,15.0359,0.0353,421318,15.0712

DATA,15.8877,-0.0497,421342,15.8380

DATA,15.8780,0.0974,421367,15.9754

DATA,15.8725,-0.0743,421392,15.7983

DATA,15.6001,-0.0366,421416,15.5635

DATA,15.1917,-0.0279,421441,15.1638

DATA,15.6948,0.0111,421465,15.7058

DATA,15.8875,-0.0524,421490,15.8351

DATA,15.7383,0.0891,421515,15.8273

DATA,15.9748,0.0496,421539,16.0244
DATA,15.8678,0.0387,421564,15.9065

DATA,16.2904,-0.0362,421588,16.2543

DATA,16.7197,0.0442,421625,16.7639

DATA,16.9858,-0.0401,421650,16.9457

DATA,16.5742,-0.0486,421675,16.5256

DATA,16.2914,0.0244,421699,16.3158

DATA,16.2067,0.0315,421724,16.2381

DATA,16.0851,0.0852,421748,16.1702

DATA,15.4142,0.0241,421773,15.4383

DATA,14.4157,-0.0842,421798,14.3315

DATA,11.4770,0.0026,421822,11.4796

DATA,5.9759,-0.0312,421847,5.9447

DATA,1.1507,-0.0081,421871,1.1427

DATA,-0.6395,0.0470,421896,-0.5925

DATA,-0.0548,0.0321,421921,-0.0227

DATA,-0.4506,0.0816,421945,-0.3690

DATA,-0.5673,-0.0057,421982,-0.5730

DATA,-0.7522,-0.0119,422007,-0.7641

DATA,-0.6608,-0.0145,422031,-0.6753

DATA,-0.4926,0.0072,422056,-0.4853

DATA,-0.3958,0.0249,422081,-0.3709

DATA,-0.1933,0.0366,422105,-0.1567

DATA,-0.1709,0.1005,422130,-0.0703

DATA,-0.2513,-0.0409,422154,-0.2922

DATA,-0.1318,0.0316,422179,-0.1001

DATA,-0.0508,0.0063,422203,-0.0445

DATA,-0.0712,-0.0017,422228,-0.0729

DATA,0.0622,0.0131,422253,0.0753

DATA,0.0239,0.0147,422277,0.0386

DATA,-0.0849,-0.0280,422302,-0.1129

DATA,-0.1390,-0.0090,422339,-0.1480

DATA,0.0495,-0.0184,422363,0.0311

DATA,-0.1147,-0.0296,422388,-0.1443

DATA,-0.0224,0.0651,422413,0.0427

DATA,-0.1927,0.0214,422437,-0.1712

DATA,-1.7037,0.0938,422462,-1.6099

DATA,0.6584,0.0143,422486,0.6726

DATA,1.8908,0.0063,422511,1.8971

DATA,1.8349,0.0479,422536,1.8828

DATA,2.3672,-0.0744,422560,2.2928

DATA,5.7573,0.0240,422585,5.7813

DATA,8.4560,0.0429,422610,8.4989

DATA,9.6911,-0.0325,422634,9.6586

DATA,11.4345,0.0669,422671,11.5015

DATA,13.7131,0.0392,422696,13.7523

DATA,16.1095,0.0979,422720,16.2075

DATA,17.8929,0.0387,422745,17.9316

DATA,19.4393,-0.0086,422769,19.4307

DATA,22.0465,-0.0712,422794,21.9753

DATA,24.9398,-0.0708,422819,24.8690

DATA,27.0233,-0.0256,422843,26.9977

DATA,30.6332,0.0748,422868,30.7081

DATA,36.7306,0.1181,422892,36.8487

DATA,41.0506,-0.0622,422917,40.9884

DATA,41.6878,0.0006,422942,41.6885

DATA,41.0914,0.0048,422966,41.0962

DATA,42.0150,0.0014,422991,42.0164

DATA,43.0155,-0.0467,423028,42.9688

DATA,43.1355,-0.0843,423052,43.0512

DATA,43.2205,0.0366,423077,43.2571

DATA,43.9189,0.1422,423102,44.0610

DATA,44.6193,0.0523,423126,44.6716

DATA,44.9207,0.0097,423151,44.9304

DATA,44.8187,-0.0558,423175,44.7629

DATA,44.3688,-0.0969,423200,44.2718

DATA,44.1464,0.0722,423225,44.2185

DATA,44.5394,-0.0270,423249,44.5124

DATA,45.0323,0.0901,423274,45.1223

DATA,44.8155,0.0131,423298,44.8285

DATA,44.4169,0.0054,423323,44.4223

DATA,44.2503,-0.0368,423348,44.2134

DATA,44.5492,0.0854,423385,44.6345

DATA,44.5482,-0.0423,423409,44.5060

DATA,43.9916,-0.0397,423434,43.9519

DATA,43.7334,0.0739,423458,43.8073
DATA,43.8800,-0.0607,423483,43.8193

DATA,43.8586,-0.0128,423508,43.8459

DATA,43.7133,-0.0788,423532,43.6345

DATA,43.3242,0.0864,423557,43.4105

DATA,42.9783,-0.0547,423581,42.9236

DATA,42.8886,0.0315,423606,42.9200

DATA,42.6827,-0.0131,423631,42.6696

DATA,42.5986,-0.0416,423655,42.5570

DATA,42.5619,0.0829,423680,42.6448

DATA,43.0566,-0.0009,423704,43.0556

DATA,43.2355,0.0054,423741,43.2409

DATA,43.1456,0.0787,423766,43.2243

DATA,42.9247,-0.1081,423790,42.8166

DATA,42.9283,-0.0058,423815,42.9225

DATA,43.1458,0.0612,423840,43.2070

DATA,43.0906,0.0866,423864,43.1772

DATA,42.5789,0.0066,423889,42.5856

DATA,42.5059,-0.0618,423913,42.4441

DATA,42.6323,-0.0774,423938,42.5549

DATA,42.8270,-0.0247,423963,42.8024

DATA,42.6006,-0.1009,423987,42.4997

DATA,41.9516,0.0006,424012,41.9522

DATA,41.7150,-0.0210,424036,41.6940

DATA,41.9831,-0.0323,424073,41.9508

DATA,42.2684,0.1234,424098,42.3918

DATA,42.4341,-0.0533,424123,42.3808

DATA,42.3060,-0.0202,424147,42.2859

DATA,41.9636,0.0657,424172,42.0294

DATA,41.9816,0.1183,424196,42.0998

DATA,42.2869,-0.0378,424221,42.2491

DATA,42.6939,0.0222,424246,42.7161

DATA,42.6243,0.0777,424270,42.7020

DATA,42.6365,0.0224,424295,42.6590

DATA,42.3410,-0.0514,424319,42.2897

DATA,38.5233,0.0217,424344,38.5450

DATA,31.8300,0.0171,424369,31.8470

DATA,24.6667,-0.0029,424393,24.6638

DATA,15.3154,-0.0476,424430,15.2678

DATA,8.9456,0.0048,424455,8.9504

DATA,6.2275,0.0031,424479,6.2306

DATA,3.6934,0.0657,424504,3.7591

DATA,2.4767,0.0343,424529,2.5110

DATA,2.1094,0.1340,424553,2.2434

DATA,2.5029,0.0265,424578,2.5295

DATA,2.0177,0.0320,424602,2.0497

DATA,1.4433,-0.0425,424627,1.4008

DATA,1.1589,-0.0321,424652,1.1268

DATA,1.3192,-0.0809,424676,1.2383

DATA,1.5766,-0.0205,424701,1.5562

DATA,0.4019,0.0365,424725,0.4384

DATA,0.1536,-0.1398,424750,0.0137

DATA,0.2740,-0.0141,424787,0.2599

DATA,0.3286,0.0571,424811,0.3857

DATA,0.4088,0.0142,424836,0.4229

DATA,0.3670,-0.0536,424861,0.3134

DATA,0.2388,0.0185,424885,0.2573

DATA,0.1074,0.0741,424910,0.1815

DATA,0.0647,-0.0458,424934,0.0189

DATA,0.1046,-0.0055,424959,0.0991

DATA,0.1596,0.1484,424984,0.3080

DATA,0.1868,-0.0369,425008,0.1499

DATA,0.1797,0.0070,425033,0.1867

DATA,0.0487,0.0449,425058,0.0937

DATA,-0.0786,0.0665,425082,-0.0121

DATA,-0.0196,-0.0537,425107,-0.0733

DATA,0.0416,0.0202,425144,0.0617

DATA,0.0799,-0.0092,425168,0.0707

DATA,0.0234,-0.0505,425193,-0.0271

DATA,0.0373,0.1611,425217,0.1984

DATA,0.0582,-0.0396,425242,0.0185

DATA,0.0166,0.0418,425267,0.0585

DATA,0.0456,-0.0972,425291,-0.0516

DATA,0.0809,-0.0039,425316,0.0770

DATA,-0.8990,0.1206,425341,-0.7784

DATA,-1.6112,-0.0607,425365,-1.6719

DATA,-1.8789,0.1145,425390,-1.7644

DATA,-1.7625,-0.1013,425414,-1.8637

DATA,-1.7968,-0.0115,425439,-1.8083

DATA,-0.8227,-0.1132,425476,-0.9360

DATA,-1.0559,-0.0220,425500,-1.0779

DATA,0.9051,-0.0087,425525,0.8963

DATA,5.1542,0.0325,425550,5.1867

DATA,10.1450,-0.1223,425574,10.0227

DATA,16.4121,-0.0363,425599,16.3758

DATA,24.6290,-0.0499,425623,24.5790

DATA,36.2713,-0.0157,425648,36.2556

DATA,47.5964,-0.0173,425673,47.5791

DATA,70.1193,-0.0369,425697,70.0824

DATA,97.1981,-0.0895,425722,97.1086

DATA,114.5195,0.0093,425746,114.5287

DATA,124.7432,-0.0657,425771,124.6775

DATA,131.5653,-0.0646,425796,131.5006

DATA,138.2519,0.0584,425833,138.3103

DATA,147.4263,0.0325,425857,147.4588

DATA,151.7814,0.0693,425882,151.8506

DATA,153.0001,-0.0081,425906,152.9921

DATA,152.9542,-0.0545,425931,152.8997

DATA,152.2627,-0.0389,425956,152.2238

DATA,150.3731,0.1012,425980,150.4743

DATA,145.7539,-0.0584,426005,145.6955

DATA,143.1214,0.0016,426029,143.1230

DATA,142.4319,0.1078,426054,142.5397

DATA,142.9434,0.0215,426079,142.9649

DATA,142.5154,0.0207,426103,142.5361

DATA,142.4160,0.0212,426128,142.4371

DATA,141.4653,0.0609,426152,141.5262

DATA,139.5442,-0.0708,426189,139.4734

DATA,136.4671,-0.0395,426214,136.4277

DATA,130.9409,-0.1168,426239,130.8241

DATA,120.2418,0.1299,426263,120.3718

DATA,112.4483,-0.0085,426288,112.4398

DATA,102.2609,0.0004,426312,102.2613

DATA,88.2177,-0.0237,426337,88.1940

DATA,71.5442,-0.0809,426362,71.4633
DATA,55.7474,-0.1643,426386,55.5831

DATA,49.3961,0.0162,426411,49.4122

DATA,44.6382,-0.0107,426435,44.6274

DATA,40.2679,0.0356,426460,40.3035

DATA,38.7148,0.0498,426485,38.7646

DATA,37.7837,0.0250,426509,37.8087

DATA,37.6243,0.0529,426546,37.6772

DATA,37.9656,-0.0853,426571,37.8803

DATA,37.9060,-0.0212,426595,37.8849

DATA,37.5954,-0.0342,426620,37.5613

DATA,37.4622,-0.0064,426645,37.4558

DATA,37.5150,-0.0134,426669,37.5017

DATA,37.0566,0.0652,426694,37.1217

DATA,36.5871,-0.0726,426718,36.5145

DATA,35.7938,-0.0413,426743,35.7524

DATA,35.2968,0.1129,426768,35.4097

DATA,35.1209,-0.0324,426792,35.0884

DATA,34.5745,0.0778,426817,34.6523

DATA,34.2623,-0.1146,426841,34.1477

DATA,36.2930,0.0962,426878,36.3892

DATA,39.4279,-0.0192,426903,39.4088

DATA,42.4804,0.0431,426927,42.5235

DATA,44.9378,-0.0072,426952,44.9306

DATA,47.2644,0.0765,426977,47.3409

DATA,48.8031,-0.0034,427001,48.7997

DATA,49.6584,-0.0072,427026,49.6512

DATA,49.9455,0.0558,427050,50.0013

DATA,50.4188,-0.0343,427075,50.3844

DATA,51.7569,0.0188,427100,51.7757

DATA,52.7802,-0.0568,427124,52.7235

DATA,54.0806,-0.0206,427149,54.0599

DATA,55.0281,-0.0607,427173,54.9674

DATA,55.9743,-0.0655,427198,55.9088

DATA,56.1660,0.0502,427235,56.2161

DATA,55.9788,0.0197,427260,55.9986

DATA,56.0580,-0.1535,427284,55.9044

DATA,57.1134,-0.0234,427309,57.0899

DATA,59.6241,-0.0321,427333,59.5920

DATA,63.1254,-0.0340,427358,63.0914

DATA,67.2655,-0.0131,427383,67.2525

DATA,70.2229,-0.0765,427407,70.1464

DATA,75.2020,-0.0571,427432,75.1449

DATA,78.6281,0.0457,427456,78.6738

DATA,79.8342,0.0185,427481,79.8526

DATA,80.1236,-0.0474,427506,80.0763

DATA,79.8874,-0.1307,427530,79.7566

DATA,79.3513,0.0395,427555,79.3907

DATA,79.1311,0.0857,427592,79.2168

DATA,80.1810,-0.0998,427616,80.0812

DATA,80.7421,0.0668,427641,80.8089

DATA,80.7365,0.0834,427665,80.8199

DATA,80.1751,0.0620,427690,80.2371

DATA,80.1794,-0.0132,427715,80.1662

DATA,80.1940,0.0620,427739,80.2560

DATA,79.8491,-0.0418,427764,79.8073

DATA,79.3895,-0.0777,427789,79.3118

DATA,79.3407,0.0655,427813,79.4061

DATA,79.6375,0.0156,427838,79.6531

DATA,79.8081,-0.0274,427862,79.7808

DATA,80.1466,0.0231,427887,80.1698

DATA,80.4053,-0.1045,427924,80.3008

DATA,80.6898,0.0745,427948,80.7643

DATA,81.1595,-0.0977,427973,81.0618

DATA,81.2121,0.0401,427998,81.2521

DATA,81.1248,-0.1082,428022,81.0166

DATA,82.0196,0.0212,428047,82.0408

DATA,83.3548,-0.1535,428071,83.2013

DATA,84.4624,-0.0355,428096,84.4268

DATA,84.7052,0.1079,428121,84.8131

DATA,85.2859,0.0941,428145,85.3800

DATA,85.8080,-0.0122,428170,85.7958

DATA,86.1708,0.0603,428194,86.2311

DATA,86.6676,-0.0273,428219,86.6403

DATA,86.7684,-0.0912,428244,86.6772

DATA,86.6730,-0.0265,428281,86.6465

DATA,86.5431,0.0369,428305,86.5801

DATA,86.8563,0.0799,428330,86.9362

DATA,87.3464,-0.0575,428354,87.2889

DATA,83.2307,-0.0419,428379,83.1888

DATA,67.3559,0.0619,428404,67.4179

DATA,50.4591,0.0475,428428,50.5066
DATA,35.4050,-0.0397,428453,35.3653

DATA,23.5813,-0.0662,428477,23.5151

DATA,15.7552,-0.0979,428502,15.6572

DATA,11.8028,-0.0313,428527,11.7716

DATA,2.7004,0.0451,428551,2.7455

DATA,0.8972,0.0387,428576,0.9359

DATA,0.2734,-0.0829,428600,0.1904

DATA,-1.1225,-0.0192,428637,-1.1417
DATA,-1.1854,0.0326,428662,-1.1528

DATA,-1.1229,0.1375,428687,-0.9854

DATA,-1.0121,0.0967,428711,-0.9154

DATA,-1.1359,0.1074,428736,-1.0285

DATA,-1.0428,0.0343,428760,-1.0085

DATA,-0.8997,0.1059,428785,-0.7938

DATA,-0.9051,0.0055,428810,-0.8997

DATA,-0.8362,-0.0293,428834,-0.8654

DATA,-0.9467,-0.0322,428859,-0.9789

DATA,-0.9155,0.1795,428883,-0.7359

DATA,-0.8083,0.0818,428908,-0.7265

DATA,-0.7832,0.1208,428933,-0.6624

DATA,-0.7545,-0.0043,428957,-0.7588

DATA,-0.9025,0.1413,428994,-0.7612

DATA,-0.7673,0.0396,429019,-0.7277

DATA,-0.6473,0.0555,429043,-0.5917

DATA,-0.8448,0.0652,429068,-0.7796

DATA,-0.7273,0.0929,429092,-0.6343

DATA,-0.7484,0.0474,429117,-0.7010

DATA,-0.6062,0.0538,429142,-0.5524

DATA,-0.6510,0.1104,429166,-0.5406

DATA,-0.6190,0.0053,429191,-0.6138

DATA,-0.6683,0.0484,429215,-0.6200

DATA,-0.6313,0.0603,429240,-0.5710

DATA,-0.5559,-0.0309,429265,-0.5868

DATA,-0.5204,0.0583,429289,-0.4621

DATA,-0.5984,0.0008,429326,-0.5976

DATA,-0.4903,0.0475,429351,-0.4428

DATA,-0.4335,0.0095,429375,-0.4240

DATA,-0.4574,-0.0106,429400,-0.4681

DATA,-0.3758,0.0823,429425,-0.2936

DATA,-0.4665,0.0295,429449,-0.4370

DATA,-0.3627,0.0773,429474,-0.2854

DATA,-0.4112,0.0124,429498,-0.3988
DATA,-0.4535,0.1975,429523,-0.2560

DATA,-0.3698,0.0618,429548,-0.3080

DATA,-0.3875,-0.0218,429572,-0.4093

DATA,-0.3771,-0.0259,429597,-0.4030
DATA,-0.3521,0.1105,429621,-0.2416

DATA,-0.3441,0.0358,429646,-0.3083

DATA,-0.3001,-0.0363,429683,-0.3364

DATA,-0.3320,0.0118,429708,-0.3201

DATA,-0.2227,0.0495,429732,-0.1733

DATA,-0.3231,0.2137,429757,-0.1093

DATA,-0.3302,0.0294,429781,-0.3008

DATA,-0.2414,0.0329,429806,-0.2084

DATA,-0.2453,0.0439,429831,-0.2013

DATA,-0.2436,-0.0065,429855,-0.2501

DATA,-0.2531,-0.0583,429880,-0.3114

DATA,-0.0964,-0.0599,429904,-0.1563

DATA,-0.2144,0.0867,429929,-0.1276

DATA,-0.2031,0.0431,429954,-0.1600

DATA,-0.0845,0.0099,429978,-0.0745

DATA,-0.1258,-0.0917,430003,-0.2175

DATA,-0.0707,0.0958,430040,0.0251

DATA,0.0246,-0.0349,430064,-0.0104

DATA,-0.0984,0.1386,430089,0.0402

DATA,-0.0572,0.1409,430113,0.0837

DATA,-0.0757,0.0687,430138,-0.0069

DATA,-0.0461,0.1069,430163,0.0608

DATA,-0.0151,-0.0106,430187,-0.0258

DATA,0.0235,0.0213,430212,0.0447

DATA,0.0409,0.0340,430236,0.0749

DATA,-0.0052,0.0701,430261,0.0649
DATA,0.0372,-0.0186,430286,0.0186

DATA,0.0184,-0.0042,430310,0.0142

DATA,0.0325,0.0361,430335,0.0686

DATA,0.0553,0.1148,430360,0.1701

DATA,0.0390,0.0892,430396,0.1283

DATA,0.2231,0.0337,430421,0.2568

DATA,0.0779,0.0063,430446,0.0842

DATA,0.1392,-0.0137,430470,0.1255

DATA,0.0079,0.0367,430495,0.0445

DATA,0.1635,-0.0942,430519,0.0693

DATA,0.1614,-0.0263,430544,0.1352

DATA,0.2019,0.0359,430569,0.2378

DATA,0.1929,-0.0501,430593,0.1428

DATA,0.1999,0.0789,430618,0.2788

DATA,0.1553,0.1359,430642,0.2912
DATA,0.1441,-0.0101,430667,0.1340

DATA,0.2210,0.0247,430692,0.2458

DATA,0.2645,-0.1152,430729,0.1493

DATA,0.2922,0.0751,430753,0.3673

DATA,0.2969,0.0000,430778,0.2969

DATA,0.1993,0.0928,430802,0.2921

DATA,0.2790,-0.0759,430827,0.2031

DATA,0.2761,0.0786,430852,0.3547

DATA,0.3636,0.0003,430876,0.3639

DATA,0.3194,-0.0216,430901,0.2979

DATA,0.2832,0.0825,430925,0.3657

DATA,0.1905,0.0201,430950,0.2106

DATA,0.2389,0.0908,430975,0.3298

DATA,0.4183,0.0246,430999,0.4429

DATA,0.3408,0.0336,431024,0.3744

DATA,0.4227,-0.0748,431048,0.3480

DATA,0.3910,-0.0229,431085,0.3681

DATA,0.4323,-0.0474,431110,0.3849

DATA,0.4471,0.0608,431135,0.5079

DATA,0.4230,0.1107,431159,0.5336

DATA,0.5037,0.0512,431184,0.5548

DATA,0.4940,0.1389,431208,0.6329

DATA,0.5095,0.0497,431233,0.5592

DATA,0.5060,0.0938,431258,0.5998
DATA,0.5459,0.1760,431282,0.7219

DATA,0.4806,-0.0554,431307,0.4252

DATA,0.4251,0.1072,431331,0.5322

DATA,0.5294,-0.0209,431356,0.5084

DATA,0.5107,-0.0074,431381,0.5033

DATA,0.5388,0.1371,431405,0.6759

DATA,0.5548,-0.0263,431442,0.5285

DATA,0.6731,0.0184,431467,0.6915

DATA,0.5724,0.0619,431491,0.6344

DATA,0.5732,0.0009,431516,0.5741

DATA,0.6515,0.0178,431540,0.6693

DATA,0.6541,-0.0654,431565,0.5888

DATA,0.6558,-0.0274,431590,0.6284

DATA,0.6690,0.0086,431614,0.6776

DATA,0.5927,0.0041,431639,0.5968

DATA,0.6714,0.0582,431663,0.7296

DATA,0.6897,-0.0326,431688,0.6570

DATA,0.6936,0.0061,431713,0.6996

DATA,0.6278,0.0534,431737,0.6813

DATA,0.6538,0.0569,431774,0.7108

DATA,0.7955,-0.1138,431799,0.6818

DATA,0.6840,0.1451,431823,0.8291

DATA,0.7268,0.0826,431848,0.8094

DATA,0.7284,0.0306,431873,0.7590

DATA,0.6642,-0.0336,431897,0.6306
DATA,0.7532,-0.0437,431922,0.7095

DATA,0.6683,-0.0713,431946,0.5970

DATA,0.8022,-0.0188,431971,0.7834

DATA,0.7618,0.1509,431996,0.9128

DATA,0.7648,0.1961,432020,0.9608

DATA,0.7727,0.0528,432045,0.8255

DATA,0.7834,0.0066,432069,0.7900

DATA,0.8940,0.2214,432094,1.1154

DATA,0.8053,0.1175,432131,0.9228

DATA,0.9139,0.0018,432156,0.9157

DATA,0.9530,0.0963,432180,1.0494

DATA,0.8999,-0.0170,432205,0.8829

DATA,0.7836,0.1079,432229,0.8915

DATA,0.7980,-0.0571,432254,0.7410

DATA,0.8523,0.1532,432279,1.0055

DATA,0.8618,0.0882,432303,0.9501

DATA,0.9157,0.0872,432328,1.0029

DATA,0.8428,-0.0314,432352,0.8114

DATA,0.8464,0.0485,432377,0.8949

DATA,0.8631,0.0780,432402,0.9411

DATA,0.8996,0.0986,432426,0.9982

DATA,0.9646,0.0664,432451,1.0310

DATA,0.9827,0.0326,432488,1.0152

DATA,0.9976,0.0860,432512,1.0836

DATA,0.8950,0.0503,432537,0.9453

DATA,1.0250,0.0421,432561,1.0671

DATA,1.0117,0.1770,432586,1.1887

DATA,0.8925,0.1179,432611,1.0104

DATA,0.9183,0.0801,432635,0.9984

DATA,0.9561,0.0260,432660,0.9821

DATA,0.9538,-0.0386,432684,0.9152

DATA,1.0160,0.0314,432709,1.0474

DATA,1.1014,-0.0668,432734,1.0346

DATA,0.9928,0.1847,432758,1.1775

DATA,1.0086,0.1320,432783,1.1406

DATA,0.9887,0.0831,432807,1.0717

DATA,1.0327,0.0021,432844,1.0347

DATA,0.9647,0.0472,432869,1.0119

DATA,0.9817,0.0265,432894,1.0082

DATA,1.2007,-0.1247,432918,1.0760

DATA,1.1347,-0.0186,432943,1.1161

DATA,1.0499,0.0775,432967,1.1275

DATA,1.0949,-0.0088,432992,1.0861

DATA,1.1158,0.0744,433017,1.1901

DATA,1.0422,0.0166,433041,1.0588

DATA,1.1373,0.0625,433066,1.1998

DATA,1.1631,0.0157,433090,1.1788

DATA,0.9917,0.0939,433115,1.0856

DATA,1.1395,-0.1203,433140,1.0192

DATA,0.9856,0.1063,433177,1.0919

DATA,1.1669,-0.0033,433201,1.1636

DATA,1.1862,0.0252,433226,1.2114

DATA,1.1893,0.0274,433250,1.2166

DATA,1.1156,0.0705,433275,1.1861

DATA,1.1009,0.1292,433300,1.2301

DATA,1.1338,0.1329,433324,1.2666

DATA,1.0464,0.1296,433349,1.1760

DATA,1.1586,0.0258,433373,1.1844

DATA,1.1485,0.0353,433398,1.1838

DATA,1.1448,-0.0208,433423,1.1239

DATA,1.1874,0.0592,433447,1.2466

DATA,1.1761,-0.0481,433472,1.1280

DATA,1.1601,0.0537,433496,1.2138

DATA,1.1384,0.1134,433533,1.2518

DATA,1.1727,0.0282,433558,1.2009

DATA,1.1689,-0.0052,433583,1.1637

DATA,1.2480,0.0901,433607,1.3380

DATA,1.1602,0.1047,433632,1.2650

DATA,1.2556,0.1082,433656,1.3637

DATA,1.2602,0.0051,433681,1.2652

DATA,1.1543,0.0932,433706,1.2475

DATA,1.2648,0.1529,433730,1.4177

DATA,1.2702,-0.0038,433755,1.2663

DATA,1.3269,0.0512,433779,1.3780

DATA,1.3138,-0.0461,433804,1.2677

DATA,1.2813,0.0624,433829,1.3438

DATA,1.1992,0.1587,433853,1.3579

DATA,1.3161,0.0693,433890,1.3854

DATA,1.2261,-0.0017,433915,1.2244

DATA,1.1763,-0.0476,433939,1.1286

DATA,1.2495,0.0284,433964,1.2779

DATA,1.2612,0.0171,433989,1.2783

DATA,1.2825,0.0799,434013,1.3625

DATA,1.2502,0.1319,434038,1.3821

DATA,1.0965,0.1688,434062,1.2653

DATA,1.1724,0.0171,434087,1.1895

DATA,1.2186,0.1085,434112,1.3271

DATA,1.2873,0.1324,434136,1.4197

DATA,1.2162,0.0884,434161,1.3047

DATA,1.2056,0.1901,434185,1.3957

DATA,1.2162,0.1431,434210,1.3594

DATA,1.3200,0.0899,434247,1.4099

DATA,1.3034,0.0446,434272,1.3479

DATA,1.2008,0.1263,434296,1.3272

DATA,1.1981,0.0827,434321,1.2809

DATA,1.2573,-0.0379,434345,1.2194

DATA,1.3140,0.1046,434370,1.4186

DATA,1.2994,0.1495,434395,1.4489

DATA,1.2686,0.0569,434419,1.3254

DATA,1.3535,-0.0213,434444,1.3321

DATA,1.3454,0.0691,434468,1.4145

DATA,1.3319,0.1467,434493,1.4786

DATA,1.2606,0.0087,434518,1.2694

DATA,1.1737,0.0143,434542,1.1881

DATA,1.2116,0.0417,434567,1.2533

DATA,1.3214,0.0692,434604,1.3906

DATA,1.3075,0.0650,434628,1.3725

DATA,1.3849,-0.0008,434653,1.3841

DATA,1.2713,0.1306,434677,1.4019

DATA,1.3513,-0.0063,434702,1.3450

DATA,1.3350,-0.0088,434727,1.3262

DATA,1.4836,0.0178,434751,1.5014

DATA,1.3435,0.0762,434776,1.4197

DATA,1.2776,0.0586,434801,1.3362

DATA,1.3176,0.0941,434825,1.4117

DATA,1.2393,-0.0153,434850,1.2239

DATA,1.2745,0.0659,434874,1.3405

DATA,1.3307,0.1499,434899,1.4806

DATA,1.4399,-0.0261,434936,1.4138

DATA,1.3030,0.0235,434960,1.3265

DATA,1.3742,0.0993,434985,1.4735

DATA,1.3449,0.0647,435010,1.4095

DATA,1.3427,0.0536,435034,1.3963

DATA,1.2557,0.0624,435059,1.3181

DATA,1.4022,0.0636,435083,1.4658

DATA,1.3796,0.1479,435108,1.5275

DATA,1.3230,0.1237,435133,1.4467

DATA,1.3797,0.0251,435157,1.4048

DATA,1.2671,0.1593,435182,1.4265

DATA,1.3882,-0.0795,435206,1.3087

DATA,1.3676,-0.0123,435231,1.3552

DATA,1.3851,0.0911,435256,1.4762

DATA,1.3590,0.0023,435293,1.3613

DATA,1.3542,0.0685,435317,1.4227

DATA,1.2730,0.0373,435342,1.3103

DATA,1.3428,0.1726,435366,1.5154

DATA,1.2570,0.1207,435391,1.3777

DATA,1.4255,0.0577,435416,1.4832

DATA,1.4263,0.0280,435440,1.4543

DATA,1.3581,0.1854,435465,1.5435

DATA,1.3844,0.0403,435489,1.4246

DATA,1.3885,0.1683,435514,1.5567

DATA,1.4060,0.0342,435539,1.4402

DATA,1.3908,0.0274,435563,1.4181

DATA,1.2887,-0.0038,435588,1.2849

DATA,1.4452,0.1152,435612,1.5603

DATA,1.3458,0.0652,435649,1.4110

DATA,1.2784,0.0139,435674,1.2923

DATA,1.1660,0.0187,435699,1.1848

DATA,1.2738,0.0745,435723,1.3483

DATA,1.3922,0.0599,435748,1.4521

DATA,1.3264,0.1667,435772,1.4931

DATA,1.2977,0.0652,435797,1.3629

DATA,1.3825,0.1102,435822,1.4928

DATA,1.4319,0.0084,435846,1.4403

DATA,1.2971,0.0197,435871,1.3167

DATA,1.2756,0.0896,435895,1.3653

DATA,1.2535,0.1217,435920,1.3752

DATA,1.3886,0.1259,435945,1.5146

DATA,1.3340,0.1089,435981,1.4429

DATA,1.3349,0.0606,436006,1.3955

DATA,1.2646,0.0156,436031,1.2803

DATA,1.3858,0.0518,436055,1.4376

DATA,1.3082,0.0293,436080,1.3375

DATA,1.3131,0.0717,436105,1.3848

DATA,1.3715,0.1351,436129,1.5066

DATA,1.3535,0.1219,436154,1.4754

DATA,1.3704,0.1599,436178,1.5304

DATA,1.3277,0.0547,436203,1.3824

DATA,1.3523,0.0042,436228,1.3565

DATA,1.3948,0.0458,436252,1.4406

DATA,1.3330,0.0011,436277,1.3340

DATA,1.3568,0.0752,436301,1.4320

DATA,1.2447,-0.0821,436338,1.1625

DATA,1.2792,0.0605,436363,1.3397

DATA,1.3394,0.0055,436387,1.3449

DATA,1.2911,0.0463,436412,1.3374

DATA,1.2644,0.0503,436437,1.3147

DATA,1.2883,0.0913,436461,1.3795

DATA,1.3237,0.0433,436486,1.3670

DATA,1.2944,-0.0802,436511,1.2143

DATA,1.3794,0.0546,436535,1.4339

DATA,1.3174,-0.0689,436560,1.2485

DATA,1.3781,0.0095,436584,1.3876

DATA,1.3393,0.1523,436609,1.4916

DATA,1.3311,0.0893,436634,1.4203

DATA,1.4254,0.0474,436658,1.4728

DATA,1.3255,0.0652,436695,1.3907

DATA,1.3414,0.1510,436720,1.4924

DATA,1.3329,0.0842,436744,1.4170
DATA,1.3208,-0.0079,436769,1.3129

DATA,1.3408,0.1653,436793,1.5061

DATA,1.2882,0.0286,436818,1.3168

DATA,1.3915,0.0011,436843,1.3926

DATA,1.3172,0.0287,436867,1.3459

DATA,1.2987,0.1093,436892,1.4080

DATA,1.3829,-0.0691,436917,1.3138

DATA,1.4290,0.1021,436941,1.5310

DATA,1.4308,0.2073,436966,1.6381

DATA,1.3435,0.0731,436990,1.4166
DATA,1.2473,-0.0261,437015,1.2212

DATA,1.3987,-0.0437,437052,1.3551

DATA,1.4205,0.1021,437076,1.5227

DATA,1.3643,0.0549,437101,1.4192

DATA,1.3521,0.0520,437126,1.4041

DATA,1.3789,-0.0485,437150,1.3304

DATA,1.4981,0.0416,437175,1.5397

DATA,1.3238,0.0741,437199,1.3980

DATA,1.3798,0.0562,437224,1.4360

DATA,1.4244,-0.0622,437249,1.3623

DATA,1.4292,-0.0085,437273,1.4207

DATA,1.3482,0.0388,437298,1.3871

DATA,1.4487,-0.0174,437323,1.4313

DATA,1.2488,0.0112,437347,1.2600

DATA,1.3249,0.0587,437372,1.3836

DATA,1.4075,0.0091,437409,1.4165

DATA,1.3090,-0.0047,437433,1.3043

DATA,1.4665,0.1595,437458,1.6260

DATA,1.3849,-0.0445,437483,1.3404

DATA,1.4208,0.0787,437507,1.4995

DATA,1.4140,0.0913,437532,1.5053

DATA,1.4177,0.0921,437556,1.5098

DATA,1.4239,0.0568,437581,1.4807

DATA,1.4292,-0.0193,437606,1.4099

DATA,1.4527,-0.1802,437630,1.2725

DATA,1.2942,0.0095,437655,1.3037

DATA,1.4691,0.0765,437679,1.5456

DATA,1.3863,0.1487,437704,1.5350

DATA,1.3842,0.1873,437741,1.5715

DATA,1.3383,0.1372,437765,1.4754

DATA,1.3968,0.0299,437790,1.4266

DATA,1.4748,0.0728,437815,1.5477

DATA,1.3652,0.0797,437839,1.4449

DATA,1.2668,0.1749,437864,1.4417

DATA,1.5204,-0.0475,437888,1.4730

DATA,1.4595,0.1882,437913,1.6477

DATA,1.4792,0.0748,437938,1.5540

DATA,1.3736,0.1382,437962,1.5117

DATA,1.4467,-0.0022,437987,1.4445

DATA,1.4443,-0.0852,438011,1.3591

DATA,1.3854,0.0234,438036,1.4088

DATA,1.4267,0.0558,438061,1.4825

DATA,1.3709,0.0903,438098,1.4612

DATA,1.3903,0.1157,438122,1.5060

DATA,1.4533,0.1845,438147,1.6378

DATA,1.3684,0.0093,438171,1.3777

DATA,1.4122,0.0211,438196,1.4333

DATA,1.3810,0.0686,438221,1.4496

DATA,1.4312,0.0541,438245,1.4853

DATA,1.4385,0.0326,438270,1.4711

DATA,1.3834,-0.0533,438294,1.3301

DATA,1.4256,-0.0298,438319,1.3958

DATA,1.3110,0.1203,438344,1.4313

DATA,1.5480,0.0856,438368,1.6336

DATA,1.4890,0.0722,438393,1.5612

DATA,1.3648,0.0414,438417,1.4062

DATA,1.3579,0.0533,438454,1.4112

DATA,1.4140,0.1484,438479,1.5624

DATA,1.3908,0.0835,438504,1.4742

DATA,1.3081,0.0384,438528,1.3464

DATA,1.4205,0.0126,438553,1.4332

DATA,1.3616,0.0100,438577,1.3716

DATA,1.3334,-0.0381,438602,1.2953

DATA,1.4698,0.0885,438627,1.5582

DATA,1.3464,-0.0530,438651,1.2934

DATA,1.4110,-0.0056,438676,1.4054

DATA,1.3692,0.1049,438700,1.4741

DATA,1.4003,0.0938,438725,1.4942
DATA,1.3491,0.0519,438750,1.4010

DATA,1.3599,0.0841,438774,1.4439

DATA,1.3149,0.0667,438811,1.3816

DATA,1.3410,0.0328,438836,1.3738

DATA,1.4230,0.0865,438860,1.5094

DATA,1.4650,0.1202,438885,1.5851

DATA,1.3917,-0.0379,438909,1.3538

DATA,1.3511,0.1567,438934,1.5078

DATA,1.3892,0.1568,438959,1.5460

DATA,1.4051,0.0472,438983,1.4523

DATA,1.3619,0.0665,439008,1.4284

DATA,1.4247,0.0809,439032,1.5057

DATA,1.4047,0.0787,439057,1.4835

DATA,1.4631,0.0594,439082,1.5225

DATA,1.1794,-0.0063,439106,1.1731

DATA,1.3961,0.1503,439143,1.5464

DATA,1.3404,0.0142,439168,1.3546

DATA,1.3970,0.1393,439192,1.5363

DATA,1.3304,0.0824,439217,1.4128

DATA,1.4213,0.1257,439242,1.5470

DATA,1.3365,0.0270,439266,1.3635

DATA,1.3767,-0.0649,439291,1.3117

DATA,1.4430,0.0667,439315,1.5098

DATA,1.3994,0.0063,439340,1.4057

DATA,1.4259,0.0808,439365,1.5067

DATA,1.4510,0.0186,439389,1.4696

DATA,1.4512,0.0509,439414,1.5022

DATA,1.3720,0.1189,439438,1.4909

DATA,1.4924,0.1135,439463,1.6059

DATA,1.4176,0.0537,439500,1.4712

DATA,1.3284,-0.0125,439525,1.3159

DATA,1.3985,0.1474,439549,1.5459

DATA,1.3955,-0.0013,439574,1.3943

DATA,1.4077,0.1421,439598,1.5497

DATA,1.3002,0.0165,439623,1.3167

DATA,1.3218,-0.0336,439648,1.2882

DATA,1.5039,0.0147,439672,1.5187

DATA,1.2850,0.0433,439697,1.3283

DATA,1.4794,0.1862,439721,1.6656

DATA,1.3701,0.0734,439746,1.4434

DATA,1.3779,0.0173,439771,1.3952

DATA,1.4141,0.0494,439795,1.4635

DATA,1.4637,0.0777,439820,1.5414

DATA,1.4616,0.0789,439857,1.5405

DATA,1.4761,-0.0194,439881,1.4567

DATA,1.3271,0.0457,439906,1.3728

DATA,1.3470,-0.0614,439930,1.2856

DATA,1.4991,0.0334,439955,1.5324

DATA,1.4168,0.0341,439980,1.4509

DATA,1.4028,-0.0768,440004,1.3259

DATA,1.4160,0.0909,440029,1.5069

DATA,1.4286,0.0947,440054,1.5232

DATA,1.5118,-0.0516,440078,1.4603

DATA,1.3522,-0.0013,440103,1.3509

DATA,1.3888,0.0339,440127,1.4227

DATA,1.3834,-0.0074,440152,1.3761

DATA,1.4262,0.0766,440189,1.5028

DATA,1.3734,0.0182,440213,1.3916

DATA,1.4270,0.0772,440238,1.5041

DATA,1.3608,0.0493,440263,1.4101

DATA,1.4866,0.0986,440287,1.5852

DATA,1.3920,-0.1209,440312,1.2711

DATA,1.3601,-0.0461,440336,1.3140

DATA,1.3549,0.0374,440361,1.3923

DATA,1.3934,0.0733,440386,1.4667

DATA,1.4082,-0.0272,440410,1.3810

DATA,1.4309,0.0761,440435,1.5070

DATA,1.3489,0.0624,440459,1.4113

DATA,1.4462,0.0357,440484,1.4819

DATA,1.4254,0.0603,440509,1.4857

DATA,1.3880,0.1014,440546,1.4894

DATA,1.5147,0.0825,440570,1.5972

DATA,1.4847,0.0254,440595,1.5102

DATA,1.4411,-0.0512,440619,1.3899

DATA,1.3919,0.0199,440644,1.4119

DATA,1.3754,0.0479,440669,1.4233

DATA,1.5157,-0.0589,440693,1.4568

DATA,1.5103,0.0671,440718,1.5774

DATA,1.3227,0.1620,440742,1.4847

DATA,1.4824,0.1571,440767,1.6395

DATA,1.3926,-0.0216,440792,1.3710

DATA,1.3930,0.0962,440816,1.4892

DATA,1.3878,0.1119,440841,1.4997

DATA,1.4123,0.0188,440865,1.4311

DATA,1.4079,0.0984,440902,1.5063

DATA,1.4925,-0.0904,440927,1.4021

DATA,1.4596,0.1699,440951,1.6295

DATA,1.4509,-0.0148,440976,1.4362

DATA,1.4116,0.0385,441001,1.4501

DATA,1.4614,0.0658,441025,1.5273

DATA,1.4266,0.1078,441050,1.5345

DATA,1.3752,-0.0054,441074,1.3698

DATA,1.4263,0.0536,441099,1.4799

DATA,1.3474,0.0273,441124,1.3746

DATA,1.4371,0.0684,441148,1.5054

DATA,1.4563,0.1139,441173,1.5703

DATA,1.3759,-0.0033,441198,1.3726

DATA,1.4038,-0.0248,441222,1.3789

DATA,1.4552,0.0757,441259,1.5310

DATA,1.5004,0.0344,441284,1.5348

DATA,1.5149,-0.0707,441308,1.4442

DATA,1.3747,0.0073,441333,1.3820

DATA,1.4019,0.0674,441357,1.4694

DATA,1.5271,0.1137,441382,1.6408

DATA,1.4191,0.1251,441407,1.5442

DATA,1.5064,0.1264,441431,1.6328

DATA,1.4600,0.0629,441456,1.5229

DATA,1.5384,0.1143,441480,1.6527

DATA,1.4012,0.1199,441505,1.5210

DATA,1.4926,0.0167,441530,1.5092

DATA,1.5188,0.1006,441554,1.6194

DATA,1.4526,-0.0123,441591,1.4403

DATA,1.4344,-0.0256,441616,1.4088

DATA,1.5594,0.0595,441640,1.6189

DATA,1.4054,0.0446,441665,1.4500

DATA,1.5287,0.1949,441690,1.7236

DATA,1.4221,0.0803,441714,1.5024

DATA,1.4474,0.0441,441739,1.4914

DATA,1.4745,0.0125,441763,1.4871

DATA,1.4774,0.0857,441788,1.5631

DATA,1.5791,0.2361,441813,1.8152

DATA,1.4328,0.1799,441837,1.6127

DATA,1.4262,0.1213,441862,1.5474

DATA,1.5050,0.1342,441886,1.6392

DATA,1.5285,-0.0048,441911,1.5236

DATA,1.3689,0.1243,441948,1.4932

DATA,1.4884,0.1119,441973,1.6003

DATA,1.4141,0.0659,441997,1.4800

DATA,1.4107,0.1104,442022,1.5211

DATA,1.4589,0.0851,442046,1.5440

DATA,1.4730,0.0795,442071,1.5525

DATA,1.5134,0.1094,442096,1.6228

DATA,1.4400,-0.0013,442120,1.4387

DATA,1.5115,0.0965,442145,1.6080
DATA,1.5638,0.1276,442169,1.6914

DATA,1.4402,0.1172,442194,1.5574

DATA,1.4061,0.0272,442219,1.4333

DATA,1.4629,0.0305,442243,1.4934

DATA,1.4274,-0.0385,442268,1.3888

DATA,1.2994,0.1241,442305,1.4235

DATA,1.4210,0.0999,442329,1.5209

DATA,1.4677,-0.0177,442354,1.4499

DATA,1.4108,0.0712,442379,1.4820

DATA,1.5342,-0.0041,442403,1.5301

DATA,1.5144,0.0214,442428,1.5358
DATA,1.4940,0.1409,442452,1.6350

DATA,1.5051,0.0375,442477,1.5427

DATA,1.4956,0.0040,442502,1.4996

DATA,1.5482,0.0273,442526,1.5755

DATA,1.4617,0.0726,442551,1.5343

DATA,1.4852,0.0364,442575,1.5216

DATA,1.4472,0.1236,442600,1.5707

DATA,1.5815,0.0117,442625,1.5932

DATA,1.3974,0.0992,442661,1.4965

DATA,1.3945,0.0311,442686,1.4256

DATA,1.4229,-0.0018,442711,1.4211

DATA,1.3856,-0.0407,442735,1.3449

DATA,1.4616,0.1724,442760,1.6341

DATA,1.3747,0.0635,442785,1.4382

DATA,1.5024,0.0618,442809,1.5642

DATA,1.5125,0.1234,442834,1.6359

DATA,1.4617,0.1162,442858,1.5780

DATA,1.4980,0.1039,442883,1.6020

DATA,1.3905,-0.0286,442908,1.3619
DATA,1.4151,-0.0665,442932,1.3486

DATA,1.4865,-0.0147,442957,1.4718

DATA,1.4839,0.0796,442981,1.5635

DATA,1.5403,0.1390,443018,1.6793

DATA,1.4925,0.1976,443043,1.6901

DATA,1.5118,-0.0019,443067,1.5099

DATA,1.4997,-0.0294,443092,1.4703

DATA,1.5330,0.0416,443117,1.5745

DATA,1.4916,0.1163,443141,1.6079

DATA,1.3712,0.0687,443166,1.4400

DATA,1.4979,-0.0677,443191,1.4302

DATA,1.5207,-0.0101,443215,1.5106

DATA,1.4580,0.0505,443240,1.5085

DATA,1.6244,0.0339,443264,1.6584

DATA,1.5112,0.0323,443289,1.5434

DATA,1.4798,0.0338,443314,1.5136

DATA,1.4981,0.1022,443350,1.6002

DATA,1.3964,0.1328,443375,1.5292

DATA,1.5042,0.0223,443400,1.5265

DATA,1.4906,0.1311,443424,1.6217
DATA,1.5566,0.0169,443449,1.5735

DATA,1.5068,-0.0451,443473,1.4618

DATA,1.5594,0.0436,443498,1.6030

DATA,1.5244,0.1431,443523,1.6675

DATA,1.5721,0.0889,443547,1.6610

DATA,1.5434,0.2562,443572,1.7996

DATA,1.5628,-0.0449,443597,1.5179

DATA,1.6248,-0.0141,443621,1.6108

DATA,1.4254,0.0513,443646,1.4767

DATA,1.5215,-0.0595,443670,1.4620

DATA,1.5246,0.0989,443707,1.6235

DATA,1.5497,0.0988,443732,1.6485

DATA,1.5664,0.1061,443756,1.6725

DATA,1.5380,0.0105,443781,1.5485

DATA,1.4965,0.1368,443806,1.6334

DATA,1.5400,0.0211,443830,1.5611

DATA,1.4655,0.0583,443855,1.5237

DATA,1.3917,0.1112,443879,1.5029

DATA,1.5342,0.1214,443904,1.6556

DATA,1.5890,0.0807,443929,1.6697

DATA,1.4736,0.0452,443953,1.5188

DATA,1.5976,0.0256,443978,1.6233

DATA,1.4900,0.0812,444002,1.5712

DATA,1.5378,0.0145,444027,1.5523

DATA,1.4926,-0.0081,444064,1.4846
DATA,1.4793,0.0935,444089,1.5728

DATA,1.5023,-0.0496,444113,1.4527

DATA,1.4607,0.0223,444138,1.4830

DATA,1.5396,-0.0202,444162,1.5194

DATA,1.5365,0.0621,444187,1.5986

DATA,1.5667,0.0504,444212,1.6171

DATA,1.6162,-0.0234,444236,1.5928
DATA,1.3978,0.0838,444261,1.4816

DATA,1.3913,0.0208,444285,1.4121

DATA,1.5383,-0.0394,444310,1.4989

DATA,1.5691,0.0603,444335,1.6294

DATA,1.4637,0.0551,444359,1.5188

DATA,1.4763,-0.0271,444384,1.4493

DATA,1.4001,0.1724,444421,1.5725

DATA,1.5728,0.1609,444445,1.7337

DATA,1.5254,0.0598,444470,1.5852

DATA,1.4581,-0.0396,444495,1.4185

DATA,1.4059,0.0366,444519,1.4424

DATA,1.5269,0.0464,444544,1.5734

DATA,1.5755,0.0111,444568,1.5866

DATA,1.6277,-0.0484,444593,1.5793

DATA,1.5616,0.0659,444618,1.6276

DATA,1.4815,0.0054,444642,1.4869

DATA,1.5534,0.1041,444667,1.6575

DATA,1.5409,0.0259,444691,1.5668

DATA,1.5897,0.1564,444716,1.7461

