DATA,3.9664,0.0532,1930576,4.0196

DATA,3.9146,0.1820,1930600,4.0966

DATA,3.8975,0.1141,1930625,4.0116

DATA,3.8454,0.1977,1930650,4.0431

DATA,3.9258,0.1523,1930674,4.0780

DATA,3.9818,0.1081,1930699,4.0899

DATA,3.8408,0.0221,1930723,3.8629

DATA,3.9516,0.1112,1930748,4.0628

DATA,3.9912,0.1860,1930772,4.1772

DATA,4.0008,0.1976,1930809,4.1985

DATA,3.8670,0.1812,1930834,4.0482

DATA,3.8658,0.0418,1930858,3.9076

DATA,4.0048,0.2122,1930883,4.2170

DATA,3.7455,0.2799,1930907,4.0255

DATA,3.9946,0.1891,1930932,4.1837

DATA,3.9333,0.2231,1930957,4.1564

DATA,3.8684,0.1371,1930981,4.0055

DATA,3.8389,0.0611,1931006,3.8999

DATA,3.9622,0.1195,1931030,4.0817

DATA,3.9686,0.1426,1931055,4.1112

DATA,3.9617,0.1224,1931079,4.0841

DATA,3.9955,0.0709,1931104,4.0664

DATA,4.0595,0.1247,1931128,4.1842

DATA,4.0025,0.1391,1931165,4.1416

DATA,3.8718,0.1643,1931190,4.0360

DATA,3.9729,0.0721,1931214,4.0450

DATA,3.9254,0.1153,1931239,4.0407

DATA,3.8497,0.1529,1931264,4.0026

DATA,4.0352,0.1415,1931288,4.1767

DATA,3.9512,0.0732,1931313,4.0244

DATA,3.9167,0.0833,1931337,4.0000

DATA,3.9506,0.0336,1931362,3.9842

DATA,3.9561,0.2965,1931386,4.2526

DATA,3.8851,0.1041,1931411,3.9892

DATA,4.0173,0.2618,1931435,4.2791

DATA,3.8927,0.1842,1931460,4.0769

DATA,4.0055,0.2435,1931497,4.2490

DATA,3.9836,0.1476,1931521,4.1312

DATA,3.9527,0.0739,1931546,4.0266

DATA,3.9148,0.1818,1931571,4.0967

DATA,3.9015,0.1346,1931595,4.0360

DATA,3.8649,0.1889,1931620,4.0538

DATA,3.9716,0.0964,1931644,4.0680

DATA,3.9416,0.0838,1931669,4.0254

DATA,3.8573,0.0973,1931693,3.9546

DATA,3.9640,0.2240,1931718,4.1880

DATA,3.8988,0.1814,1931742,4.0802

DATA,4.0360,0.1892,1931767,4.2252

DATA,3.9387,0.0715,1931792,4.0102

DATA,4.0329,0.1617,1931816,4.1945

DATA,4.0854,0.0458,1931853,4.1312

DATA,3.9212,0.1215,1931878,4.0428

DATA,3.8498,0.1209,1931902,3.9707

DATA,3.9816,0.0252,1931927,4.0067

DATA,3.9822,0.0830,1931951,4.0652

DATA,3.9080,0.2015,1931976,4.1094

DATA,3.9703,0.2083,1932000,4.1786

DATA,4.0353,0.0620,1932025,4.0973

DATA,4.4201,0.0428,1932049,4.4629

DATA,4.3659,0.1828,1932074,4.5488

DATA,4.2537,0.1163,1932099,4.3700

DATA,4.4815,0.1406,1932123,4.6221

DATA,5.1112,0.1780,1932148,5.2892

DATA,6.6014,0.0956,1932172,6.6970

DATA,7.4999,0.1093,1932209,7.6092

DATA,8.2253,0.2069,1932234,8.4322

DATA,6.0818,0.1607,1932258,6.2425

DATA,5.1243,0.3043,1932283,5.4285

DATA,5.3756,0.1320,1932307,5.5076

DATA,5.3145,0.1643,1932332,5.4788

DATA,4.9488,0.1849,1932356,5.1338

DATA,4.7905,0.2311,1932381,5.0216

DATA,4.9520,0.0927,1932406,5.0447

DATA,5.0536,0.1523,1932430,5.2059

DATA,4.6054,0.1139,1932455,4.7193

DATA,4.5796,0.2432,1932479,4.8227

DATA,4.6927,0.1335,1932504,4.8262

DATA,4.8025,0.1401,1932541,4.9425

DATA,4.6264,0.1093,1932565,4.7357

DATA,4.5317,0.0679,1932590,4.5996

DATA,4.2825,0.1793,1932614,4.4618

DATA,4.4222,0.0528,1932639,4.4750

DATA,4.4497,0.2335,1932663,4.6833

DATA,4.3987,0.2828,1932688,4.6815

DATA,4.3085,0.2482,1932713,4.5567

DATA,4.4519,0.1028,1932737,4.5548

DATA,4.4266,-0.0153,1932762,4.4113

DATA,4.3815,0.2043,1932786,4.5858

DATA,5.1704,0.3395,1932811,5.5099

DATA,5.8664,0.2588,1932835,6.1251

DATA,6.4552,0.1528,1932860,6.6080

DATA,7.6198,0.1662,1932897,7.7859

DATA,8.0085,0.1386,1932921,8.1471

DATA,7.7752,0.2083,1932946,7.9835

DATA,7.6153,0.2111,1932970,7.8264

DATA,7.5648,0.1113,1932995,7.6761

DATA,7.6138,0.1788,1933019,7.7927

DATA,7.8804,0.1047,1933044,7.9851

DATA,7.4064,0.0927,1933069,7.4991
DATA,7.5839,0.1078,1933093,7.6917

DATA,7.2951,0.1044,1933118,7.3995

DATA,5.9277,0.2096,1933142,6.1373

DATA,5.4763,0.1672,1933167,5.6434

DATA,5.4312,0.0850,1933191,5.5162

DATA,5.4198,0.1359,1933228,5.5557

DATA,5.4691,0.1248,1933253,5.5939

DATA,5.4363,0.1069,1933277,5.5433

DATA,5.3972,0.1544,1933302,5.5516

DATA,5.1249,0.1616,1933326,5.2866

DATA,4.9901,0.0359,1933351,5.0261

DATA,4.6778,0.1165,1933376,4.7944

DATA,4.6095,0.2473,1933400,4.8568

DATA,4.5853,0.1866,1933425,4.7719

DATA,5.2028,0.2280,1933449,5.4308

DATA,5.3621,0.2361,1933474,5.5982

DATA,5.6070,0.1421,1933498,5.7491

DATA,6.6748,0.0901,1933523,6.7649

DATA,7.4292,0.1061,1933547,7.5353

DATA,7.6135,0.2289,1933584,7.8424

DATA,7.6998,0.1202,1933609,7.8201

DATA,7.7712,0.1416,1933633,7.9128

DATA,7.5823,0.2089,1933658,7.7912

DATA,7.8314,0.0279,1933683,7.8594

DATA,7.8341,0.0699,1933707,7.9040

DATA,7.5506,0.1046,1933732,7.6553

DATA,7.4730,0.1881,1933756,7.6611

DATA,7.3845,0.2198,1933781,7.6043

DATA,6.8491,0.1734,1933805,7.0225

DATA,5.9546,0.1477,1933830,6.1023

DATA,5.5046,0.2501,1933854,5.7547

DATA,5.8807,0.2434,1933879,6.1240

DATA,6.0480,0.0996,1933916,6.1476

DATA,5.9702,0.0832,1933940,6.0533

DATA,5.7158,0.0633,1933965,5.7791

DATA,5.6427,0.1636,1933989,5.8063

DATA,5.1840,0.1226,1934014,5.3066

DATA,4.7982,0.2066,1934039,5.0048

DATA,4.6621,0.0888,1934063,4.7509

DATA,4.5543,0.1328,1934088,4.6871

DATA,4.5361,0.1403,1934112,4.6764

DATA,4.5414,0.0503,1934137,4.5917

DATA,4.5295,0.2932,1934161,4.8226

DATA,4.4215,0.1719,1934186,4.5934

DATA,4.3594,0.1413,1934210,4.5006

DATA,4.4060,0.2694,1934235,4.6753

DATA,4.4553,0.1159,1934272,4.5713

DATA,4.4388,0.1785,1934296,4.6173

DATA,4.3644,0.1876,1934321,4.5519

DATA,4.3644,0.0780,1934346,4.4424

DATA,4.5072,0.0644,1934370,4.5717

DATA,4.4196,0.2015,1934395,4.6211

DATA,4.3835,0.2666,1934419,4.6502

DATA,4.2968,0.1948,1934444,4.4916

DATA,4.3733,0.1332,1934468,4.5065

DATA,4.3965,0.1715,1934493,4.5680

DATA,4.3737,0.0741,1934517,4.4477

DATA,4.3282,0.0632,1934542,4.3915

DATA,4.3001,0.1261,1934567,4.4262

DATA,4.4349,0.2272,1934603,4.6621

DATA,4.3170,0.1138,1934628,4.4308

DATA,4.3274,0.1648,1934653,4.4922

DATA,4.2846,0.2274,1934677,4.5121

DATA,4.1803,0.1495,1934702,4.3298
DATA,4.2675,0.1125,1934726,4.3800

DATA,4.2245,0.0864,1934751,4.3109

DATA,4.3621,0.0719,1934775,4.4340

DATA,4.2625,0.1347,1934800,4.3972

DATA,4.2412,0.1439,1934824,4.3851

DATA,4.3474,0.1033,1934849,4.4507

DATA,4.2748,0.0642,1934874,4.3390

DATA,4.3608,0.1932,1934898,4.5540

DATA,4.2814,0.0287,1934923,4.3102

DATA,4.2797,0.0499,1934960,4.3296

DATA,4.3061,0.1489,1934984,4.4551

DATA,4.2866,0.1614,1935009,4.4480

DATA,4.1248,0.0348,1935033,4.1596

DATA,4.1689,0.1177,1935058,4.2866

DATA,4.2949,0.1102,1935082,4.4051

DATA,4.2022,0.2462,1935107,4.4484

DATA,4.2498,0.2475,1935131,4.4974

DATA,4.2129,0.1508,1935156,4.3638

DATA,4.2273,0.1336,1935181,4.3609

DATA,4.2039,0.1971,1935205,4.4009

DATA,4.1809,0.1739,1935230,4.3548

DATA,4.2691,0.0239,1935254,4.2930

DATA,4.2059,0.1415,1935279,4.3473

DATA,4.2215,0.1974,1935316,4.4189

DATA,4.1195,0.0449,1935340,4.1644

DATA,4.2316,0.2329,1935365,4.4646

DATA,4.2415,0.0839,1935389,4.3254

