DATA,4.5837,0.0843,415802,4.6680

DATA,4.6890,0.0679,415827,4.7569

DATA,4.7213,0.1261,415851,4.8474

DATA,4.5992,0.0011,415876,4.6003
DATA,4.6057,0.3213,415901,4.9270

DATA,4.6227,0.1434,415925,4.7661

DATA,4.6773,0.0995,415950,4.7768

DATA,4.6207,0.0579,415974,4.6786

DATA,4.6555,0.0484,415999,4.7039

DATA,4.6558,0.1162,416023,4.7719

DATA,4.7329,0.1521,416048,4.8850

DATA,4.6071,0.1282,416085,4.7352

DATA,4.5809,0.0315,416109,4.6124

DATA,4.5819,0.0332,416134,4.6151

DATA,4.5456,-0.0359,416158,4.5097

DATA,4.6624,0.1407,416183,4.8032

DATA,4.5691,0.0869,416207,4.6560

DATA,4.5406,0.0635,416232,4.6040

DATA,4.5780,0.2550,416257,4.8330

DATA,4.5502,0.1537,416281,4.7039

DATA,4.6815,0.0346,416306,4.7161

DATA,4.5731,0.1050,416330,4.6781

DATA,4.5910,0.1116,416355,4.7027

DATA,4.6193,0.1509,416379,4.7703

DATA,4.5419,0.1759,416404,4.7179

DATA,4.6399,0.0618,416441,4.7017

DATA,4.5602,0.1147,416465,4.6749
DATA,4.6127,0.1566,416490,4.7693

DATA,4.6090,0.0770,416514,4.6860

DATA,4.6033,0.1158,416539,4.7191

DATA,4.6434,0.1459,416563,4.7893

DATA,4.5736,0.1143,416588,4.6880

DATA,4.7029,0.1735,416613,4.8764

DATA,4.6931,0.0661,416637,4.7591

DATA,4.5567,0.0863,416662,4.6429

DATA,4.4880,0.1577,416686,4.6457

DATA,4.5995,0.1256,416711,4.7251

DATA,4.5897,0.2621,416735,4.8518

DATA,4.5088,0.0330,416772,4.5418

DATA,4.5686,0.0935,416797,4.6621

DATA,4.5912,0.0986,416821,4.6899

DATA,4.7330,0.0570,416846,4.7900

DATA,4.6696,0.1559,416870,4.8255

DATA,4.5547,0.2183,416895,4.7730

DATA,4.6521,0.1153,416919,4.7674

DATA,4.7204,0.1296,416944,4.8501

DATA,4.6981,0.1012,416969,4.7993

DATA,4.5596,0.0462,416993,4.6058

DATA,4.6518,0.1532,417018,4.8050

DATA,4.6752,0.1225,417042,4.7977

DATA,4.6507,0.0936,417067,4.7443

DATA,4.6342,0.1274,417091,4.7615

DATA,4.5669,0.0176,417128,4.5846

DATA,4.6913,0.1371,417153,4.8284

DATA,4.9091,0.1275,417177,5.0366

DATA,5.1567,0.1635,417202,5.3201

DATA,5.2985,0.1639,417226,5.4624

DATA,5.5269,0.1125,417251,5.6395

DATA,5.3443,0.1495,417275,5.4938
DATA,5.3777,0.0617,417300,5.4395

DATA,5.3810,0.1789,417325,5.5599

DATA,5.2615,0.1816,417349,5.4431

DATA,5.4499,0.0393,417374,5.4892

DATA,5.9223,0.1389,417398,6.0612

DATA,6.2382,0.0846,417423,6.3228

DATA,7.0404,0.0821,417460,7.1225

DATA,7.2312,0.1338,417484,7.3651

DATA,7.5176,0.0991,417509,7.6167

DATA,7.6657,0.1343,417533,7.8000

DATA,7.6931,0.3233,417558,8.0164

DATA,7.6641,0.1625,417582,7.8266
DATA,7.7695,0.1773,417607,7.9468

DATA,7.8597,0.2201,417631,8.0797

DATA,8.2203,0.0609,417656,8.2812

DATA,8.3105,0.1697,417681,8.4802

DATA,8.4446,0.1601,417705,8.6047

DATA,8.6041,0.1346,417730,8.7387

DATA,8.7662,0.1857,417754,8.9519

DATA,8.8145,0.0974,417779,8.9119

DATA,8.7417,0.0697,417816,8.8114

DATA,8.1437,0.0646,417840,8.2082

DATA,7.6778,0.0217,417865,7.6995

DATA,8.1062,0.0998,417889,8.2061

DATA,8.2909,0.1360,417914,8.4269

DATA,8.2767,0.1215,417938,8.3982

DATA,7.9996,0.0693,417963,8.0688

DATA,7.5645,0.0848,417987,7.6493

DATA,6.5842,0.1469,418012,6.7311

DATA,5.5238,-0.0098,418037,5.5140

DATA,4.0962,0.1019,418061,4.1981

DATA,3.3588,0.1426,418086,3.5014

DATA,3.1074,0.1093,418110,3.2168

DATA,2.9119,0.0162,418135,2.9281

DATA,2.9682,0.1627,418172,3.1309

DATA,2.8976,0.1721,418196,3.0697

DATA,2.8613,0.0681,418221,2.9294

DATA,2.9298,0.1727,418245,3.1025

DATA,2.8553,0.1147,418270,2.9700

DATA,2.9488,0.0839,418294,3.0327

DATA,2.8727,0.0476,418319,2.9204

DATA,2.8848,0.0062,418343,2.8910

DATA,3.0386,0.1307,418368,3.1693

DATA,2.9503,0.0244,418393,2.9747

DATA,2.8581,-0.0005,418417,2.8577

DATA,2.9900,-0.0264,418442,2.9636

DATA,2.8377,0.2610,418466,3.0987

DATA,2.8946,0.0872,418503,2.9818

DATA,2.8107,0.2557,418528,3.0664

DATA,2.7296,0.2362,418552,2.9658

DATA,2.8339,0.0991,418577,2.9330

DATA,3.6905,-0.0027,418601,3.6878

DATA,3.6950,0.0706,418626,3.7655

DATA,3.8142,0.0303,418650,3.8444

DATA,4.0516,0.0777,418675,4.1293

DATA,3.6643,0.1298,418699,3.7942

DATA,3.7423,0.1008,418724,3.8431

DATA,4.1533,0.0758,418749,4.2291

DATA,4.8664,0.1076,418773,4.9740

DATA,5.3197,0.0993,418798,5.4190

DATA,5.5832,0.2127,418834,5.7959

DATA,5.9769,0.1422,418859,6.1191

DATA,6.4643,0.1631,418884,6.6273

DATA,6.9400,0.2438,418908,7.1838

DATA,6.7230,0.1240,418933,6.8470

DATA,6.8250,0.1213,418957,6.9463

DATA,7.6240,0.1204,418982,7.7444

DATA,8.1780,0.1885,419006,8.3665

DATA,7.6777,0.0471,419031,7.7248

DATA,6.8005,0.2512,419055,7.0516

DATA,6.2494,0.1856,419080,6.4350

DATA,4.8921,0.1627,419105,5.0548

DATA,3.8412,0.0371,419129,3.8783

DATA,3.3448,0.0932,419154,3.4380

DATA,3.2599,0.0418,419190,3.3016

DATA,3.0287,0.2348,419215,3.2636

DATA,3.1162,0.1149,419240,3.2311

DATA,3.1410,0.1232,419264,3.2642

DATA,3.0230,0.2046,419289,3.2276

DATA,3.0475,0.1871,419313,3.2346

DATA,2.9542,0.1171,419338,3.0713

DATA,3.0094,0.1313,419362,3.1407

DATA,3.0407,0.0999,419387,3.1406

DATA,3.0326,0.1976,419411,3.2302

DATA,3.1975,0.1415,419436,3.3390

DATA,3.4502,0.0617,419461,3.5119

DATA,4.5104,0.0514,419485,4.5618

DATA,4.8072,0.0943,419510,4.9014

DATA,5.0953,0.0421,419546,5.1374

DATA,5.2548,0.2062,419571,5.4609

DATA,5.4588,-0.0458,419596,5.4130

DATA,5.2383,0.0934,419620,5.3316

DATA,5.3603,0.1061,419645,5.4664

DATA,5.5940,0.1375,419669,5.7316

DATA,6.0791,0.1448,419694,6.2240

DATA,6.3765,0.1745,419718,6.5510

DATA,6.4368,0.2077,419743,6.6445

DATA,6.7351,0.1731,419767,6.9082

DATA,6.4621,0.1277,419792,6.5898

DATA,6.4638,0.1031,419817,6.5669

DATA,6.9554,0.1116,419841,7.0670

DATA,7.4199,0.0747,419878,7.4946

DATA,7.7988,0.0544,419902,7.8532

DATA,8.2909,0.1543,419927,8.4452
DATA,8.2460,0.1227,419952,8.3688

DATA,7.9553,0.1060,419976,8.0613

DATA,8.0902,0.1228,420001,8.2130

DATA,7.8368,0.1002,420025,7.9370

DATA,6.8691,0.0922,420050,6.9613

DATA,6.2426,0.0512,420074,6.2938

DATA,6.2026,0.1628,420099,6.3654

DATA,6.0417,0.0609,420123,6.1026

DATA,6.0584,0.2026,420148,6.2611

DATA,5.8585,0.1075,420173,5.9660

DATA,5.7683,0.1516,420197,5.9199

DATA,5.9786,0.1146,420234,6.0932

DATA,6.0425,0.0945,420258,6.1369

DATA,5.7537,0.0644,420283,5.8181

DATA,5.8512,0.0192,420308,5.8704

DATA,6.4809,0.0877,420332,6.5686

DATA,6.3195,0.1628,420357,6.4823

DATA,5.5740,0.1397,420381,5.7137

DATA,5.0149,0.2046,420406,5.2196

DATA,4.6786,0.1614,420430,4.8400

DATA,4.0056,0.0731,420455,4.0786

DATA,2.7473,0.0373,420479,2.7846

DATA,2.6504,0.1598,420504,2.8102
DATA,2.5518,0.0225,420528,2.5743

DATA,2.5552,0.0889,420565,2.6442

DATA,2.4361,0.0359,420590,2.4720

DATA,2.4335,0.2719,420614,2.7054

DATA,2.4314,0.0255,420639,2.4569

DATA,2.4519,0.1638,420664,2.6157

DATA,2.4026,0.0656,420688,2.4682

DATA,2.4072,0.1208,420713,2.5280

DATA,2.4876,0.1463,420737,2.6339

DATA,2.4893,0.1858,420762,2.6750

DATA,2.3631,0.1044,420786,2.4675

DATA,2.3748,0.1428,420811,2.5176

DATA,2.4244,0.1957,420835,2.6201

DATA,3.6554,0.0448,420860,3.7002

DATA,6.1636,0.1862,420884,6.3498

DATA,11.0855,0.1306,420921,11.2161

DATA,16.3013,0.1244,420946,16.4257

DATA,19.7315,0.1548,420970,19.8863

DATA,21.4914,0.0714,420995,21.5628

DATA,22.3567,0.1128,421020,22.4696

DATA,22.6061,0.1904,421044,22.7964

DATA,22.0828,0.0740,421069,22.1568

DATA,21.2650,0.1221,421093,21.3871

DATA,20.6923,0.1469,421118,20.8392

DATA,19.4248,0.1459,421142,19.5708

DATA,15.4210,0.1434,421167,15.5644

DATA,8.1802,0.2084,421191,8.3886

DATA,3.8607,0.0595,421216,3.9202

DATA,3.1690,0.0616,421253,3.2307

DATA,2.9100,0.2504,421277,3.1604

DATA,2.9035,0.0978,421302,3.0013

DATA,2.9648,0.1071,421326,3.0718

DATA,2.8858,0.1186,421351,3.0044

DATA,3.0054,0.0613,421376,3.0667

DATA,2.8559,0.0445,421400,2.9004

DATA,2.7568,0.0655,421425,2.8223

DATA,2.7488,0.1349,421449,2.8837

DATA,2.7628,0.1620,421474,2.9248

DATA,2.8784,0.1683,421498,3.0467

DATA,3.2118,0.0482,421523,3.2600

DATA,5.4194,0.1358,421547,5.5553

DATA,8.9473,0.1857,421572,9.1330

DATA,13.2688,0.2665,421609,13.5353

DATA,16.8418,0.0585,421633,16.9003

DATA,20.0182,0.0744,421658,20.0927

DATA,23.2764,0.1722,421682,23.4486

DATA,26.7192,0.0465,421707,26.7657

DATA,27.9804,0.0737,421732,28.0541

DATA,26.9669,0.3079,421756,27.2748

DATA,25.3605,0.0576,421781,25.4181

DATA,21.7486,0.0638,421805,21.8124

DATA,13.8603,0.0229,421830,13.8832

DATA,6.6024,0.0841,421854,6.6865

DATA,3.7544,0.0812,421879,3.8356

DATA,3.1274,0.0552,421903,3.1826

DATA,3.0815,-0.0308,421940,3.0507

DATA,3.2363,0.1045,421965,3.3408

DATA,2.9973,0.1314,421989,3.1287

DATA,3.0634,-0.0038,422014,3.0596

DATA,2.9480,0.0549,422038,3.0030

DATA,2.8950,0.0798,422063,2.9748

DATA,2.9876,0.1034,422088,3.0910

DATA,2.6381,0.2101,422112,2.8482

DATA,2.2151,0.1936,422137,2.4087

DATA,2.3367,0.1517,422161,2.4884

DATA,2.3758,0.2143,422186,2.5901

DATA,3.4104,-0.0306,422210,3.3798

DATA,5.8361,0.0056,422235,5.8417

DATA,10.9337,0.1165,422259,11.0502

DATA,15.1273,0.0786,422296,15.2059

DATA,18.9971,0.0275,422321,19.0245

DATA,22.8187,0.1296,422345,22.9483

DATA,26.5262,0.1425,422370,26.6687

DATA,28.8306,0.1137,422394,28.9442

DATA,28.9436,0.2617,422419,29.2053

DATA,28.7242,0.1853,422444,28.9095

DATA,29.3206,0.2063,422468,29.5269

DATA,29.7463,0.0687,422493,29.8150

DATA,29.7414,0.1568,422517,29.8982

DATA,30.2077,0.0654,422542,30.2731

DATA,30.4994,0.1283,422566,30.6277

DATA,29.7147,0.1596,422591,29.8743

DATA,28.9914,0.0183,422628,29.0097

DATA,28.2225,0.1345,422652,28.3570

DATA,26.0811,0.0095,422677,26.0906

DATA,17.9409,0.1625,422701,18.1034

DATA,6.1538,0.2106,422726,6.3644

DATA,2.7257,0.1199,422750,2.8457
DATA,2.6602,0.1525,422775,2.8127

DATA,2.7115,0.1392,422799,2.8507

DATA,2.7053,0.0813,422824,2.7866

DATA,2.5449,0.1739,422849,2.7189

DATA,2.6281,0.0866,422873,2.7148

DATA,2.5477,0.0212,422898,2.5689

DATA,2.4347,0.0173,422922,2.4521
DATA,2.5206,0.1009,422947,2.6215

DATA,2.5605,0.2102,422984,2.7706

DATA,2.5864,0.1205,423008,2.7068

DATA,2.7044,0.0992,423033,2.8036

DATA,2.5986,0.1175,423057,2.7161

DATA,2.8518,0.0449,423082,2.8967

DATA,3.1698,0.0313,423106,3.2010

DATA,3.8636,0.0696,423131,3.9332

DATA,5.3972,0.1819,423155,5.5791

DATA,7.6718,0.0579,423180,7.7298

DATA,9.8828,0.0742,423205,9.9570

DATA,12.7706,0.1768,423229,12.9475
DATA,14.4824,0.1342,423254,14.6166

DATA,15.6477,0.0891,423278,15.7369

DATA,17.0018,0.3402,423303,17.3420

DATA,17.3740,0.1824,423340,17.5564

DATA,17.8877,0.1706,423364,18.0584

DATA,18.7378,0.0333,423389,18.7711

DATA,18.7756,0.0216,423413,18.7972

DATA,18.8057,0.1013,423438,18.9070

DATA,19.1812,0.1265,423462,19.3078

DATA,18.8858,0.1499,423487,19.0357

DATA,18.6838,0.1051,423512,18.7889

DATA,18.8723,0.0698,423536,18.9421
DATA,18.5107,0.1682,423561,18.6789

DATA,17.6657,0.1973,423585,17.8629

DATA,15.0455,0.1488,423610,15.1943

DATA,12.8384,0.2649,423634,13.1034

DATA,9.0991,0.0749,423671,9.1740

DATA,4.3160,-0.0102,423696,4.3059

DATA,2.9170,0.1292,423720,3.0462

DATA,3.2711,0.1988,423745,3.4699

DATA,2.8542,-0.0025,423769,2.8518

DATA,2.9588,0.1749,423794,3.1338

DATA,2.6864,0.0560,423818,2.7424

DATA,2.7573,0.0977,423843,2.8550

DATA,2.7083,0.0536,423868,2.7619

DATA,2.8807,0.0679,423892,2.9487

DATA,2.7190,0.1226,423917,2.8416

DATA,2.7197,0.0080,423941,2.7277

DATA,2.7230,0.1266,423966,2.8495

DATA,2.7176,0.1613,423990,2.8789

DATA,2.7988,0.0977,424027,2.8965

DATA,2.6877,0.1287,424052,2.8164

DATA,2.7887,0.1153,424076,2.9040

DATA,2.6542,0.2522,424101,2.9064

DATA,2.7342,0.1305,424125,2.8647

DATA,2.8488,0.1647,424150,3.0135

DATA,2.7668,0.0268,424174,2.7937

DATA,2.7818,0.0158,424199,2.7977

DATA,2.8196,0.2083,424224,3.0279

DATA,2.7915,0.1224,424248,2.9138

DATA,2.7265,0.0734,424273,2.7999

DATA,2.7593,0.1289,424297,2.8882

DATA,2.7270,0.1868,424322,2.9139

DATA,2.8005,0.0389,424359,2.8395

DATA,2.8105,0.2852,424383,3.0957

DATA,2.8578,0.2126,424408,3.0704
DATA,2.9173,0.0725,424432,2.9898

DATA,2.8437,0.1099,424457,2.9536

DATA,2.8561,0.1790,424481,3.0351

DATA,2.8399,0.2592,424506,3.0991

DATA,2.8541,0.0649,424530,2.9190

DATA,2.8572,0.0668,424555,2.9240

DATA,2.9121,0.1469,424580,3.0591

DATA,2.8599,0.1673,424604,3.0272

DATA,2.8820,0.1214,424629,3.0034

DATA,2.7843,0.0549,424653,2.8392

DATA,2.8631,0.0033,424678,2.8663

DATA,2.9331,0.1519,424715,3.0850

DATA,2.9310,0.2353,424739,3.1663

DATA,2.8922,0.0291,424764,2.9213
DATA,2.8418,0.1792,424788,3.0210

DATA,2.8850,0.1411,424813,3.0261

DATA,2.9488,0.2622,424837,3.2111

DATA,2.9073,0.0433,424862,2.9507

DATA,2.9092,0.1160,424886,3.0252

DATA,2.9591,0.1537,424911,3.1128

DATA,2.9500,0.0997,424936,3.0497
DATA,2.9034,0.1722,424960,3.0755

DATA,2.8668,0.1456,424985,3.0124

DATA,2.9779,0.0937,425009,3.0717

DATA,2.8817,0.0916,425046,2.9733

DATA,2.9411,0.1614,425071,3.1025

DATA,2.9883,0.1163,425095,3.1045

DATA,3.0321,0.1229,425120,3.1551

DATA,2.9637,0.1232,425144,3.0869

DATA,2.9775,0.1051,425169,3.0825

DATA,2.9724,0.0681,425193,3.0405

DATA,3.0657,0.2334,425218,3.2991

DATA,2.8808,0.1507,425242,3.0314

DATA,3.0567,0.0772,425267,3.1339

DATA,3.0224,0.1506,425292,3.1730

DATA,3.0162,0.2509,425316,3.2671

DATA,2.9847,0.1647,425341,3.1494
DATA,2.9866,0.0934,425365,3.0800

