DATA,0.4688,0.1338,1534750,0.6026

DATA,0.6051,-0.0119,1534787,0.5932

DATA,0.6237,0.0932,1534811,0.7170

DATA,0.5603,0.1466,1534836,0.7069

DATA,0.5997,0.0532,1534860,0.6529

DATA,0.6215,0.1953,1534885,0.8168

DATA,0.5431,0.1483,1534910,0.6913

DATA,0.5280,0.0412,1534934,0.5692

DATA,0.7234,0.1265,1534959,0.8499

DATA,0.6581,0.0311,1534983,0.6892

DATA,0.6363,0.1189,1535008,0.7552

DATA,0.8063,0.1886,1535033,0.9949

DATA,0.5333,0.0722,1535057,0.6055

DATA,0.7060,0.2004,1535082,0.9064

DATA,0.5045,0.1485,1535106,0.6530

DATA,0.5670,0.0908,1535143,0.6578

DATA,0.4759,0.0496,1535168,0.5256

DATA,0.6536,0.0725,1535193,0.7260

DATA,0.6372,-0.0282,1535217,0.6089

DATA,0.5117,0.1002,1535242,0.6119

DATA,0.5962,0.1657,1535266,0.7619

DATA,0.6667,0.0283,1535291,0.6950

DATA,0.6753,0.1615,1535316,0.8368

DATA,0.6418,0.0988,1535340,0.7407

DATA,0.6415,0.0046,1535365,0.6460

DATA,0.6460,0.1986,1535389,0.8446

DATA,0.6190,0.0879,1535414,0.7069

DATA,0.6480,0.0335,1535439,0.6814

DATA,0.5816,0.1085,1535476,0.6900

DATA,0.6600,0.0557,1535500,0.7157

DATA,0.5637,0.2541,1535525,0.8178

DATA,0.6227,0.1545,1535549,0.7772

DATA,0.6462,0.0352,1535574,0.6813

DATA,0.6928,0.0554,1535599,0.7482

DATA,0.6204,0.2009,1535623,0.8213

DATA,0.5895,0.1879,1535648,0.7774

DATA,0.5379,0.0783,1535672,0.6162
DATA,0.4966,0.1075,1535697,0.6041

DATA,0.6275,0.1634,1535722,0.7908

DATA,0.6553,0.1164,1535746,0.7718

DATA,0.6866,0.0592,1535771,0.7458

DATA,0.6797,0.0413,1535795,0.7210

DATA,0.6298,0.1957,1535832,0.8255

DATA,0.7258,0.0287,1535857,0.7546

DATA,0.6847,0.1448,1535882,0.8295

DATA,0.6595,0.0897,1535906,0.7492

DATA,0.7464,0.1195,1535931,0.8659

DATA,-0.6933,0.0418,1535955,-0.6515

DATA,0.3589,0.0715,1535980,0.4303

DATA,0.4982,0.0379,1536005,0.5361

DATA,0.4670,0.1555,1536029,0.6226

DATA,0.5767,0.0430,1536054,0.6197

DATA,0.5307,-0.0010,1536078,0.5297

DATA,0.5621,-0.0156,1536103,0.5465

DATA,0.4116,0.1047,1536128,0.5163

DATA,0.4377,0.0336,1536152,0.4713

DATA,0.4227,0.1249,1536189,0.5476

DATA,0.3507,0.0735,1536214,0.4242

DATA,0.3827,0.1457,1536238,0.5283

DATA,0.3901,0.1522,1536263,0.5423

DATA,0.4536,0.0654,1536288,0.5190

DATA,0.3155,0.0421,1536312,0.3576

DATA,0.2845,0.1307,1536337,0.4152

DATA,0.3360,0.1788,1536361,0.5148

DATA,0.3239,0.0315,1536386,0.3554

DATA,0.3973,0.0774,1536411,0.4747

DATA,-1.4898,0.0592,1536435,-1.4306

DATA,-1.8879,0.1513,1536460,-1.7366

DATA,-2.0127,-0.1005,1536485,-2.1132

DATA,-5.2102,0.0166,1536509,-5.1936

DATA,-6.9723,0.0357,1536546,-6.9365

DATA,-7.4862,0.0167,1536571,-7.4695

DATA,-7.2415,-0.0733,1536595,-7.3148

DATA,-6.7140,0.1054,1536620,-6.6087

DATA,-7.3827,0.1084,1536644,-7.2743

DATA,-8.4388,-0.0067,1536669,-8.4456

DATA,-8.4893,0.0421,1536694,-8.4473

DATA,-10.5148,0.0657,1536718,-10.4491

DATA,-11.6014,0.0574,1536743,-11.5440

DATA,-13.1241,0.1022,1536768,-13.0220

DATA,-14.2023,0.0579,1536792,-14.1444

DATA,-12.3798,0.1192,1536817,-12.2606

DATA,-11.3202,0.0269,1536841,-11.2933

DATA,-9.6705,-0.0357,1536866,-9.7062

DATA,-8.1568,-0.0507,1536903,-8.2075

DATA,-7.2177,0.1756,1536927,-7.0421

DATA,-6.0820,0.0251,1536952,-6.0569

DATA,-5.3246,0.0290,1536977,-5.2956

DATA,-4.3098,0.1235,1537001,-4.1863

DATA,-2.3160,0.0702,1537026,-2.2459

DATA,-0.4917,0.0487,1537051,-0.4429

DATA,0.7079,-0.0241,1537075,0.6838

DATA,1.3656,0.0647,1537100,1.4304

DATA,1.5675,0.0313,1537124,1.5988

DATA,0.4653,0.0301,1537149,0.4954

DATA,-0.9499,-0.0467,1537174,-0.9966

DATA,-2.9905,-0.0726,1537198,-3.0631

DATA,-4.3242,0.0765,1537223,-4.2477

DATA,-3.5838,-0.0921,1537260,-3.6759

DATA,-1.3531,-0.0221,1537284,-1.3752

DATA,-0.4251,0.0173,1537309,-0.4078

DATA,0.1424,0.0726,1537334,0.2150

DATA,0.4060,0.0695,1537358,0.4756

DATA,1.2109,-0.0155,1537383,1.1954

DATA,3.5104,-0.0138,1537407,3.4966

DATA,7.2476,0.0474,1537432,7.2950

DATA,10.5252,-0.0456,1537457,10.4796

DATA,12.8275,0.0728,1537481,12.9003

DATA,14.3210,0.0935,1537506,14.4145

DATA,15.2877,0.1328,1537530,15.4205

DATA,15.4693,0.1086,1537555,15.5779

DATA,15.8576,0.0408,1537592,15.8984

DATA,16.2303,0.0960,1537617,16.3263

DATA,16.2025,-0.0685,1537641,16.1340

DATA,15.4172,0.1984,1537666,15.6156

DATA,15.2719,-0.0058,1537690,15.2661

DATA,15.3336,0.1045,1537715,15.4381

DATA,15.5285,-0.0658,1537740,15.4627

DATA,15.9604,-0.0027,1537764,15.9577

DATA,16.2548,-0.0334,1537789,16.2213

DATA,16.4944,0.0317,1537813,16.5261

DATA,16.5796,0.0254,1537838,16.6050

DATA,17.0868,0.0538,1537863,17.1407

DATA,17.7555,-0.0239,1537887,17.7316

DATA,18.4901,0.0241,1537912,18.5142

DATA,18.7212,0.0383,1537949,18.7595

DATA,19.1275,0.0363,1537973,19.1638

DATA,19.7782,-0.0558,1537998,19.7224

DATA,21.5388,-0.0853,1538023,21.4536

DATA,23.7215,0.1464,1538047,23.8679

DATA,26.8298,0.0703,1538072,26.9000

DATA,31.3396,0.0324,1538096,31.3720

DATA,34.6068,0.0814,1538121,34.6882

DATA,36.5361,0.0614,1538146,36.5974

DATA,37.4531,-0.0164,1538170,37.4367

DATA,37.4543,0.0469,1538195,37.5012

DATA,37.7831,0.0258,1538219,37.8089

DATA,38.6365,-0.0252,1538244,38.6113

DATA,38.8805,0.0044,1538269,38.8849

DATA,39.0459,0.0184,1538306,39.0643

DATA,39.5236,-0.0405,1538330,39.4831

DATA,39.6796,0.0999,1538355,39.7796

DATA,39.3635,0.0259,1538379,39.3894

DATA,39.4552,0.0185,1538404,39.4737

DATA,39.3188,-0.0051,1538429,39.3137

DATA,39.2247,0.1164,1538453,39.3411

DATA,39.1190,0.0592,1538478,39.1782

DATA,39.1080,0.0483,1538502,39.1562

DATA,39.5469,0.1238,1538527,39.6707

DATA,40.4697,-0.0641,1538552,40.4056

DATA,43.1346,0.0735,1538576,43.2082

DATA,45.4919,0.0292,1538601,45.5211

DATA,48.8821,-0.0639,1538626,48.8181

DATA,50.9832,-0.0094,1538662,50.9738

DATA,51.6297,0.0338,1538687,51.6635

DATA,52.1031,-0.0307,1538712,52.0724

DATA,51.2662,0.0286,1538736,51.2948

DATA,49.4814,-0.0574,1538761,49.4241

DATA,47.1639,0.0595,1538785,47.2234

DATA,43.3803,-0.0242,1538810,43.3561

DATA,35.9578,-0.0172,1538835,35.9406

DATA,26.1116,0.0894,1538859,26.2010

DATA,16.7128,-0.0098,1538884,16.7030

DATA,11.3936,-0.0556,1538909,11.3380

DATA,7.9525,-0.1186,1538933,7.8339

DATA,6.2601,0.0786,1538958,6.3387

DATA,5.0191,0.0650,1538982,5.0841

DATA,4.8740,0.0722,1539019,4.9462

DATA,4.8828,0.0658,1539044,4.9486

DATA,4.8440,0.0482,1539069,4.8922

DATA,4.6911,-0.0202,1539093,4.6709

DATA,4.7031,0.0376,1539118,4.7408

DATA,4.5032,0.0055,1539142,4.5088

DATA,4.4488,-0.0603,1539167,4.3885

DATA,4.4781,-0.0482,1539192,4.4300

DATA,4.3969,-0.0155,1539216,4.3813

DATA,4.3700,0.0906,1539241,4.4606

DATA,4.3310,0.1338,1539265,4.4648

DATA,4.4013,0.0921,1539290,4.4934

DATA,4.5441,0.0827,1539315,4.6268

DATA,4.8105,0.1003,1539339,4.9108

DATA,5.7523,0.0656,1539376,5.8179

DATA,7.6197,0.1015,1539401,7.7211

DATA,13.0770,0.0197,1539425,13.0967

DATA,18.4361,0.0963,1539450,18.5324

DATA,22.2669,-0.0600,1539475,22.2069

DATA,26.8920,-0.0089,1539499,26.8831

DATA,31.2138,0.0338,1539524,31.2477

DATA,35.5351,-0.0875,1539548,35.4476

DATA,39.3681,0.0364,1539573,39.4045

DATA,42.3372,0.0353,1539598,42.3725

DATA,44.6292,-0.0731,1539622,44.5561

DATA,46.1396,0.0408,1539647,46.1804

DATA,50.6786,0.0759,1539671,50.7545

DATA,55.3870,0.0165,1539708,55.4035

DATA,58.6980,0.0204,1539733,58.7184

DATA,60.6686,0.0326,1539758,60.7012

DATA,61.8285,-0.0098,1539782,61.8187

DATA,62.9267,0.0699,1539807,62.9966

DATA,64.1069,0.0143,1539831,64.1212

DATA,64.0202,-0.0104,1539856,64.0099

DATA,64.0718,0.0256,1539881,64.0973

DATA,63.6690,0.0269,1539905,63.6959

DATA,62.5916,-0.0651,1539930,62.5265

DATA,58.9971,0.0489,1539954,59.0460

DATA,42.4920,0.1071,1539979,42.5991

DATA,23.9916,0.0056,1540004,23.9972

DATA,14.5032,0.1217,1540028,14.6249

DATA,12.6569,0.0279,1540065,12.6849

DATA,12.9415,0.0006,1540090,12.9421

DATA,13.4948,-0.0603,1540114,13.4345

DATA,14.1021,0.0699,1540139,14.1720

DATA,13.6352,-0.0701,1540164,13.5651

DATA,10.9901,0.0483,1540188,11.0384

DATA,8.3928,0.0236,1540213,8.4164

DATA,6.8517,-0.0363,1540237,6.8154

DATA,5.9138,0.0041,1540262,5.9178

DATA,5.1500,0.0952,1540287,5.2452

DATA,4.8358,0.0682,1540311,4.9040

DATA,5.1430,0.1159,1540336,5.2589

DATA,7.1005,0.0874,1540361,7.1879

DATA,12.8901,-0.0778,1540385,12.8124

DATA,21.9867,-0.0152,1540422,21.9716

DATA,30.5589,0.1091,1540447,30.6680

DATA,36.4418,0.0944,1540471,36.5362

DATA,39.7180,0.0484,1540496,39.7664

DATA,41.3793,-0.0148,1540520,41.3645

DATA,41.6433,0.0741,1540545,41.7174

DATA,41.1158,-0.0267,1540570,41.0891

DATA,40.9911,0.1031,1540594,41.0941

DATA,41.2627,-0.0094,1540619,41.2533

DATA,41.7412,0.0804,1540644,41.8217

DATA,42.0507,0.0744,1540668,42.1250

DATA,42.8252,-0.0021,1540693,42.8231

DATA,43.5863,0.0393,1540717,43.6256

DATA,43.7797,0.0168,1540742,43.7965

DATA,43.6538,-0.0854,1540779,43.5684

DATA,43.5715,0.0315,1540803,43.6031

DATA,43.9490,0.0496,1540828,43.9986

DATA,44.1212,0.1381,1540853,44.2593

DATA,43.8314,-0.0116,1540877,43.8199

DATA,43.6387,0.0041,1540902,43.6428

DATA,43.6682,0.0113,1540927,43.6795

DATA,43.8571,0.1216,1540951,43.9787

DATA,44.0866,0.0152,1540976,44.1018

DATA,43.8438,0.0394,1541000,43.8832

DATA,43.1672,-0.0380,1541025,43.1292

DATA,42.5081,0.1275,1541050,42.6356

DATA,42.2576,0.1541,1541074,42.4117

DATA,42.0299,-0.0095,1541099,42.0205

DATA,41.4249,-0.0113,1541136,41.4136

DATA,41.0045,0.1068,1541160,41.1112

DATA,39.9787,0.0734,1541185,40.0521

DATA,37.5136,0.1037,1541210,37.6173

DATA,32.0298,0.0715,1541234,32.1012

DATA,24.7999,0.0864,1541259,24.8863

DATA,16.1305,-0.0149,1541283,16.1156

DATA,8.3664,0.0767,1541308,8.4431

DATA,4.6002,0.0460,1541333,4.6462

DATA,3.2322,0.0346,1541357,3.2668

DATA,3.1722,-0.0148,1541382,3.1573

DATA,2.0045,0.0856,1541406,2.0901

DATA,1.4166,0.0906,1541431,1.5071

DATA,1.3931,0.0933,1541456,1.4864

DATA,1.2416,0.0406,1541493,1.2822

DATA,1.3043,-0.0069,1541517,1.2974

DATA,1.2892,0.0804,1541542,1.3696

DATA,1.3477,0.0515,1541566,1.3993

DATA,1.2655,0.1120,1541591,1.3775

DATA,1.2396,0.0411,1541616,1.2807

DATA,1.2375,0.0017,1541640,1.2393

DATA,1.2411,0.0577,1541665,1.2989

DATA,1.2542,0.1924,1541689,1.4466

DATA,1.2311,0.0622,1541714,1.2932

DATA,1.1195,0.0242,1541739,1.1437

DATA,1.2533,-0.0172,1541763,1.2361

DATA,1.1984,0.0822,1541788,1.2805

DATA,1.2006,0.1632,1541825,1.3638

DATA,1.1669,0.0396,1541849,1.2066

DATA,1.1580,0.0373,1541874,1.1953

DATA,1.2174,0.1665,1541899,1.3839

DATA,1.2111,0.0081,1541923,1.2191

DATA,1.2763,0.0617,1541948,1.3380

DATA,1.1710,0.0403,1541972,1.2113

DATA,1.2129,-0.0279,1541997,1.1850

DATA,1.2958,0.1303,1542022,1.4261

DATA,1.2146,0.0866,1542046,1.3012

DATA,1.3371,0.0421,1542071,1.3792

DATA,1.3320,0.1684,1542095,1.5004

DATA,1.2197,0.1411,1542120,1.3608

DATA,1.3254,0.1874,1542145,1.5128

DATA,1.2564,0.1481,1542182,1.4046

DATA,1.3671,0.1308,1542206,1.4979

DATA,1.2751,-0.0343,1542231,1.2407

DATA,1.2566,-0.0119,1542255,1.2447

DATA,1.2390,0.2328,1542280,1.4718

DATA,1.2949,0.0904,1542305,1.3853

DATA,1.1866,0.1747,1542329,1.3613

DATA,1.1876,0.0369,1542354,1.2245

DATA,1.2744,-0.0286,1542378,1.2458

DATA,1.2578,0.0442,1542403,1.3020

DATA,1.0898,0.1009,1542428,1.1907

DATA,1.2346,0.1152,1542452,1.3498

DATA,1.3162,-0.0223,1542477,1.2939

DATA,1.2803,0.1279,1542501,1.4082

DATA,1.2684,0.0955,1542538,1.3639

DATA,1.3014,0.1041,1542563,1.4055

DATA,1.3727,0.1295,1542588,1.5022

DATA,1.2155,0.1366,1542612,1.3521
DATA,1.2799,0.0480,1542637,1.3279

DATA,1.3225,0.0289,1542661,1.3514

DATA,1.3009,0.0511,1542686,1.3519

DATA,1.2984,0.0949,1542711,1.3933

DATA,1.2830,0.0896,1542735,1.3726

DATA,1.2737,0.0466,1542760,1.3203

DATA,1.3134,-0.0548,1542785,1.2585

DATA,1.3738,0.1896,1542809,1.5635

DATA,1.4224,0.0908,1542834,1.5133

DATA,1.3324,0.1711,1542858,1.5035

DATA,1.3215,0.0612,1542895,1.3827

DATA,1.4496,0.1772,1542920,1.6267

DATA,1.3608,0.0600,1542944,1.4208

DATA,1.4205,0.0685,1542969,1.4890

DATA,1.3761,-0.0068,1542994,1.3693

DATA,1.3260,0.1776,1543018,1.5036

DATA,1.3718,0.1383,1543043,1.5101

DATA,1.4059,0.0039,1543068,1.4098

DATA,1.4116,0.1045,1543092,1.5161

DATA,1.4646,0.0378,1543117,1.5024

DATA,1.4996,-0.0031,1543141,1.4965

DATA,1.3589,0.1802,1543166,1.5390

DATA,1.4561,-0.0385,1543191,1.4176

DATA,1.3725,0.0291,1543215,1.4015

DATA,1.3660,0.1344,1543252,1.5005

DATA,1.4863,0.1101,1543277,1.5964

DATA,1.4501,0.1514,1543301,1.6015

DATA,1.3350,0.0658,1543326,1.4008

DATA,1.4243,0.1076,1543351,1.5319

DATA,1.3853,0.0296,1543375,1.4149

DATA,1.4634,0.0399,1543400,1.5033

DATA,1.4068,0.0529,1543424,1.4597

DATA,1.4491,0.0629,1543449,1.5120

DATA,1.4321,0.0599,1543474,1.4921

DATA,1.4064,0.0533,1543498,1.4597

DATA,1.4658,-0.0250,1543523,1.4408

DATA,1.4387,0.0236,1543547,1.4623

DATA,1.3587,0.0256,1543572,1.3843

DATA,1.4612,0.0725,1543609,1.5337

DATA,1.4329,0.1713,1543634,1.6042

DATA,1.4464,0.1285,1543658,1.5749

DATA,1.3825,0.1076,1543683,1.4901

DATA,1.4549,0.1111,1543707,1.5660

DATA,1.5416,0.1224,1543732,1.6640

DATA,1.4502,0.1019,1543757,1.5521

DATA,1.5395,0.1683,1543781,1.7078

DATA,1.4711,0.0459,1543806,1.5170

DATA,1.5410,0.0737,1543830,1.6148

DATA,1.4803,-0.0548,1543855,1.4255

DATA,1.4312,0.0416,1543880,1.4728

DATA,1.4715,-0.0149,1543904,1.4565

DATA,1.5014,-0.0799,1543941,1.4214
DATA,1.4388,0.1085,1543966,1.5473

DATA,1.4363,0.0999,1543990,1.5362

DATA,1.5008,0.0848,1544015,1.5856

DATA,1.4713,0.0148,1544040,1.4862

DATA,1.4639,0.1403,1544064,1.6043

DATA,1.4780,0.1234,1544089,1.6014

DATA,1.4341,0.0319,1544113,1.4660

DATA,1.4669,0.0237,1544138,1.4907

DATA,1.4869,0.2074,1544163,1.6943

DATA,1.5510,0.1236,1544187,1.6747

DATA,1.5613,0.1126,1544212,1.6739

DATA,1.4659,0.1167,1544237,1.5826

DATA,1.4699,-0.0093,1544261,1.4606

DATA,1.5047,0.0821,1544298,1.5868

DATA,1.5724,0.1397,1544323,1.7121

DATA,1.5049,0.1979,1544347,1.7029

DATA,1.5591,0.0292,1544372,1.5883

DATA,1.5403,0.1105,1544396,1.6508

DATA,1.5755,0.0551,1544421,1.6306

DATA,1.5469,0.0984,1544446,1.6453

DATA,1.4810,0.1365,1544470,1.6176

DATA,1.6884,0.1077,1544495,1.7962

DATA,1.5147,0.0875,1544520,1.6023

DATA,1.5194,0.0491,1544544,1.5685

DATA,1.5542,0.0898,1544569,1.6440

DATA,1.5400,0.1227,1544593,1.6627

DATA,1.5492,0.0107,1544618,1.5599

DATA,1.5614,0.0616,1544655,1.6230

DATA,1.5653,0.1401,1544679,1.7053

DATA,1.5435,0.1666,1544704,1.7101

DATA,1.6356,0.0065,1544729,1.6422

DATA,1.5709,0.1899,1544753,1.7608

DATA,1.6029,0.0787,1544778,1.6816

DATA,1.6351,0.0986,1544803,1.7337

DATA,1.5129,0.0288,1544827,1.5417

DATA,1.5190,0.0272,1544852,1.5462

DATA,1.5478,0.0195,1544876,1.5673

DATA,1.5631,0.0952,1544901,1.6583

DATA,1.5401,0.0274,1544926,1.5676

DATA,1.5646,0.1667,1544950,1.7313

DATA,1.5719,-0.0201,1544975,1.5518

DATA,1.6298,-0.1182,1545012,1.5116

DATA,1.6222,-0.0044,1545036,1.6179

DATA,1.5692,0.1195,1545061,1.6887

DATA,1.6088,0.2035,1545085,1.8123

DATA,1.6642,0.0681,1545110,1.7323

DATA,1.5868,0.0449,1545135,1.6317

DATA,1.6838,0.0649,1545159,1.7487

DATA,1.5778,0.0833,1545184,1.6611

DATA,1.6337,-0.0576,1545209,1.5761

DATA,1.5596,0.0165,1545233,1.5761

DATA,1.6303,-0.0355,1545258,1.5948

DATA,1.6144,0.0526,1545282,1.6670

DATA,1.6233,0.0289,1545307,1.6522

DATA,1.6388,0.1777,1545332,1.8166

DATA,1.5236,0.0042,1545368,1.5278

DATA,1.5890,0.0569,1545393,1.6459

DATA,1.6241,-0.0743,1545418,1.5498

DATA,1.7313,0.0175,1545442,1.7489

DATA,1.6298,0.0552,1545467,1.6850

DATA,1.6328,0.0259,1545491,1.6587

DATA,1.6136,0.0569,1545516,1.6705

DATA,1.6547,0.1768,1545541,1.8315
DATA,1.5610,-0.0333,1545565,1.5277

DATA,1.7754,0.0181,1545590,1.7935

DATA,1.5845,0.0570,1545615,1.6415

DATA,1.6006,0.0814,1545639,1.6819

DATA,1.6184,0.0719,1545664,1.6903

DATA,1.6668,0.0289,1545688,1.6957

DATA,1.7365,0.0015,1545725,1.7381

DATA,1.7470,0.1113,1545750,1.8583

DATA,1.7370,0.0611,1545774,1.7981

DATA,1.7376,0.0231,1545799,1.7606

DATA,1.5571,0.0820,1545824,1.6391

DATA,1.6309,0.0876,1545848,1.7185

DATA,1.7592,0.0528,1545873,1.8120

DATA,1.6915,0.0391,1545898,1.7306

DATA,1.6891,-0.0371,1545922,1.6520
DATA,1.6936,0.0798,1545947,1.7734

DATA,1.6940,0.1923,1545971,1.8862

DATA,1.7355,0.0527,1545996,1.7882

DATA,1.6840,0.0915,1546021,1.7755

DATA,1.6998,0.1460,1546057,1.8458

DATA,1.7133,-0.0169,1546082,1.6964

DATA,1.6116,0.0568,1546107,1.6684

DATA,1.6726,0.0866,1546131,1.7592

DATA,1.6347,0.1182,1546156,1.7529

DATA,1.6649,0.0722,1546180,1.7371

DATA,1.6592,0.1008,1546205,1.7601

DATA,1.7127,0.0254,1546230,1.7381

DATA,1.7091,0.0337,1546254,1.7428

DATA,1.7954,0.0196,1546279,1.8151

DATA,1.6116,0.0632,1546304,1.6748

DATA,1.7384,0.0378,1546328,1.7763

DATA,1.6427,0.1488,1546353,1.7916

DATA,1.7062,0.0442,1546377,1.7503

DATA,1.7757,0.2000,1546414,1.9757

DATA,1.7765,0.1452,1546439,1.9217

DATA,1.7300,0.0565,1546464,1.7865

DATA,1.6384,0.2249,1546488,1.8633

DATA,1.6237,0.0124,1546513,1.6362

DATA,1.6832,0.1129,1546537,1.7961

DATA,1.6477,0.0886,1546562,1.7363

DATA,1.7406,0.0428,1546587,1.7834

DATA,1.6252,0.0632,1546611,1.6883

DATA,1.6936,0.1204,1546636,1.8140

DATA,1.6871,0.0747,1546660,1.7617

DATA,1.6185,0.1262,1546685,1.7447

DATA,1.7708,0.0443,1546710,1.8151

DATA,1.6978,0.0434,1546734,1.7412

DATA,1.6806,0.0946,1546771,1.7752

DATA,1.8400,0.0619,1546796,1.9019

DATA,1.6603,0.1039,1546820,1.7642

DATA,1.6668,0.1385,1546845,1.8054

DATA,1.7496,0.2097,1546870,1.9593

DATA,1.7539,0.0347,1546894,1.7886

DATA,1.7067,0.0293,1546919,1.7360

DATA,1.6712,0.0586,1546943,1.7299

DATA,1.7897,-0.0293,1546968,1.7604

DATA,1.6236,0.1586,1546993,1.7822

DATA,1.8005,0.1354,1547017,1.9358

DATA,1.5739,0.0646,1547042,1.6385

DATA,1.7494,0.0177,1547066,1.7671

DATA,1.6737,-0.0286,1547091,1.6452

DATA,1.6592,0.0106,1547128,1.6698

DATA,1.7208,0.0707,1547152,1.7915

DATA,1.7550,0.0445,1547177,1.7995

DATA,1.7568,0.0755,1547202,1.8323

DATA,1.6742,0.0731,1547226,1.7473

DATA,1.7133,-0.0476,1547251,1.6657

DATA,1.7453,0.0064,1547276,1.7517

DATA,1.7046,0.0061,1547300,1.7107

DATA,1.7290,0.0784,1547325,1.8074

DATA,1.6690,0.1056,1547349,1.7747

DATA,1.7637,0.1265,1547374,1.8902

DATA,1.7505,0.1357,1547399,1.8862

DATA,1.7991,0.0163,1547423,1.8154

DATA,1.7916,0.0427,1547448,1.8344

DATA,1.6887,0.0929,1547485,1.7816

DATA,1.7364,0.0641,1547509,1.8005
DATA,1.7600,0.0610,1547534,1.8210

DATA,1.7947,0.1058,1547558,1.9005

DATA,1.7849,0.0669,1547583,1.8519

DATA,1.6600,0.1313,1547608,1.7912

DATA,1.7973,0.1033,1547632,1.9006
DATA,1.7346,0.0581,1547657,1.7927

DATA,1.6877,0.0377,1547682,1.7254

DATA,1.6502,0.1967,1547706,1.8469

DATA,1.6142,0.0128,1547731,1.6270

DATA,1.6676,0.1544,1547755,1.8220

DATA,1.6253,0.1176,1547780,1.7429

DATA,1.8153,0.1084,1547805,1.9237

DATA,1.6240,0.1666,1547841,1.7906

DATA,1.7747,-0.0107,1547866,1.7640

DATA,1.7394,0.1158,1547891,1.8552

DATA,1.6825,0.1777,1547915,1.8602

DATA,1.7888,0.1293,1547940,1.9182

DATA,1.6258,0.0877,1547965,1.7135

DATA,1.7104,0.1720,1547989,1.8824

DATA,1.7273,0.1204,1548014,1.8477

DATA,1.6674,0.1243,1548038,1.7917

DATA,1.7493,-0.0106,1548063,1.7387

DATA,1.6518,0.0236,1548088,1.6755

DATA,1.6696,-0.0547,1548112,1.6149

DATA,1.6965,0.0288,1548137,1.7253

DATA,1.6441,-0.0069,1548174,1.6372

DATA,1.8485,0.1462,1548198,1.9947

DATA,1.8544,0.1841,1548223,2.0385

DATA,1.7321,0.0791,1548247,1.8111

DATA,1.7466,0.0779,1548272,1.8245

DATA,1.7988,0.0454,1548297,1.8442

DATA,1.5926,0.1148,1548321,1.7073

DATA,1.7222,0.1426,1548346,1.8648

DATA,1.6729,0.0684,1548371,1.7413

DATA,1.7702,0.0722,1548395,1.8424

DATA,1.7045,0.1414,1548420,1.8458

DATA,1.8110,0.0871,1548444,1.8980

DATA,1.7005,0.0500,1548469,1.7505

DATA,1.7360,0.1361,1548494,1.8721

DATA,1.6966,0.0687,1548530,1.7653

DATA,1.6788,0.0617,1548555,1.7406

DATA,1.7911,0.0256,1548580,1.8167

DATA,1.7582,0.2229,1548604,1.9812

DATA,1.6355,0.0500,1548629,1.6855

DATA,1.7169,0.1668,1548654,1.8837

DATA,1.6677,0.0823,1548678,1.7500

DATA,1.7594,0.0795,1548703,1.8390

DATA,1.7443,0.1224,1548727,1.8667

DATA,1.7272,0.1604,1548752,1.8876

DATA,1.7052,0.0552,1548777,1.7603

DATA,1.6517,-0.0375,1548801,1.6142

DATA,1.8746,0.0970,1548826,1.9716

DATA,1.7890,0.0009,1548850,1.7899

DATA,1.8293,0.0696,1548887,1.8989

DATA,1.6955,0.1342,1548912,1.8298

DATA,1.6474,0.0355,1548937,1.6830

DATA,1.7495,0.0329,1548961,1.7825

DATA,1.5797,0.1523,1548986,1.7319

DATA,1.7281,0.0942,1549010,1.8223

DATA,1.6495,0.0882,1549035,1.7376

DATA,1.7557,0.0857,1549060,1.8414

DATA,1.8273,0.1285,1549084,1.9558

DATA,1.8171,0.0149,1549109,1.8321

DATA,1.6902,0.0711,1549133,1.7613

DATA,1.6752,0.0593,1549158,1.7344

DATA,1.7073,0.0741,1549183,1.7814

DATA,1.7487,-0.0248,1549207,1.7238

DATA,1.6278,0.1531,1549244,1.7808

DATA,1.8238,0.1692,1549269,1.9930

DATA,1.6856,-0.0192,1549293,1.6664

DATA,1.6566,0.1296,1549318,1.7862

DATA,1.7216,0.1390,1549343,1.8606
DATA,1.8857,0.0743,1549367,1.9600

DATA,1.7599,-0.0002,1549392,1.7597

DATA,1.8205,0.0939,1549416,1.9144

DATA,1.7133,0.0411,1549441,1.7544

DATA,1.6670,0.1557,1549466,1.8227

DATA,1.7899,-0.0593,1549490,1.7306

DATA,1.6910,0.1009,1549515,1.7919

DATA,1.7020,0.0539,1549539,1.7560

DATA,1.7424,0.1542,1549564,1.8966

DATA,1.7019,0.0267,1549601,1.7286

DATA,1.7143,0.1891,1549626,1.9033

DATA,1.6958,0.0773,1549650,1.7731

DATA,1.7020,0.0765,1549675,1.7785

DATA,1.8712,0.1458,1549699,2.0171

DATA,1.7455,-0.0219,1549724,1.7237

DATA,1.6679,0.0952,1549749,1.7631

DATA,1.8105,0.1875,1549773,1.9981

DATA,1.8300,0.0719,1549798,1.9019

DATA,1.6959,0.0316,1549822,1.7275

DATA,1.7759,0.0911,1549847,1.8669

DATA,1.6516,0.1962,1549872,1.8478
DATA,1.7809,0.0985,1549896,1.8794

DATA,1.7805,0.0414,1549933,1.8219

DATA,1.7375,0.0104,1549958,1.7479

DATA,1.7440,0.0835,1549982,1.8275

DATA,1.8266,0.1488,1550007,1.9754

DATA,1.7937,0.0846,1550032,1.8782

DATA,1.7058,0.0332,1550056,1.7390

DATA,1.8069,0.0164,1550081,1.8233

DATA,1.7176,0.0806,1550105,1.7982

DATA,1.8689,0.0307,1550130,1.8996

DATA,1.7767,0.0225,1550155,1.7992

DATA,1.6951,0.0597,1550179,1.7548

DATA,1.8053,0.0850,1550204,1.8903
DATA,1.6204,-0.0124,1550228,1.6080

DATA,1.7963,0.1670,1550253,1.9633

DATA,1.8107,0.0039,1550290,1.8146

DATA,1.8164,0.1068,1550315,1.9231

DATA,1.7808,0.1185,1550339,1.8993

DATA,1.7834,0.1899,1550364,1.9734

DATA,1.8064,0.0458,1550388,1.8522

DATA,1.7666,0.0477,1550413,1.8142

DATA,1.7537,0.0784,1550438,1.8321

DATA,1.7195,0.1175,1550462,1.8370

DATA,1.6880,0.1528,1550487,1.8408

DATA,1.7039,0.1375,1550511,1.8414

DATA,1.7649,0.1071,1550536,1.8720

DATA,1.7848,0.0484,1550561,1.8332

DATA,1.7641,-0.1168,1550585,1.6473

DATA,1.7742,0.1089,1550610,1.8831

DATA,1.7798,0.0948,1550647,1.8747

DATA,1.6660,0.1160,1550671,1.7820

DATA,1.7371,0.1683,1550696,1.9053

DATA,1.7572,0.0542,1550721,1.8114

DATA,1.7509,-0.0256,1550745,1.7253

DATA,1.7400,-0.0426,1550770,1.6975

DATA,1.8452,0.1059,1550794,1.9511

DATA,1.8483,0.0037,1550819,1.8521

DATA,1.8005,0.0959,1550844,1.8964

DATA,1.7408,0.1216,1550868,1.8624

DATA,1.7332,0.0190,1550893,1.7522

DATA,1.5571,0.1568,1550918,1.7140

DATA,1.7060,0.0232,1550942,1.7291

DATA,1.7577,0.1387,1550967,1.8963

DATA,1.7173,0.0966,1551004,1.8139

DATA,1.5779,0.1678,1551028,1.7457

DATA,1.7655,0.0924,1551053,1.8578

DATA,1.6645,0.1575,1551077,1.8219

DATA,1.7165,0.1421,1551102,1.8586

DATA,1.7597,0.1069,1551127,1.8666

DATA,1.7863,-0.0648,1551151,1.7215

DATA,1.7600,0.1692,1551176,1.9291

DATA,1.6862,0.0145,1551201,1.7006

DATA,1.6969,0.0514,1551225,1.7483

DATA,1.7125,-0.0129,1551250,1.6996

DATA,1.6351,0.1414,1551274,1.7765

DATA,1.6923,0.1103,1551299,1.8026

DATA,1.8229,0.1047,1551324,1.9276

DATA,1.7367,0.0737,1551360,1.8104

DATA,1.6979,0.1156,1551385,1.8135

DATA,1.6950,0.1152,1551410,1.8102

DATA,1.6869,0.1874,1551434,1.8743

DATA,1.6922,0.0552,1551459,1.7475

DATA,1.7540,0.0676,1551484,1.8216

DATA,1.6395,0.0201,1551508,1.6596

DATA,1.7657,0.0919,1551533,1.8576

DATA,1.7149,0.0909,1551557,1.8058

DATA,1.8031,0.0802,1551582,1.8833

DATA,1.7276,0.1341,1551607,1.8617

DATA,1.6981,0.1049,1551631,1.8031

DATA,1.7699,0.1715,1551656,1.9414

DATA,1.7304,0.1277,1551680,1.8581

DATA,1.8153,0.0348,1551717,1.8501

DATA,1.6727,0.0624,1551742,1.7351

DATA,1.7279,0.0531,1551767,1.7810

DATA,1.7784,0.0301,1551791,1.8085

DATA,1.7693,0.1206,1551816,1.8899

DATA,1.6683,-0.0419,1551840,1.6264

DATA,1.7581,0.0597,1551865,1.8178

DATA,1.7006,0.1004,1551890,1.8009

DATA,1.6347,0.0227,1551914,1.6574

DATA,1.6907,0.0946,1551939,1.7853
DATA,1.7254,0.0242,1551963,1.7495

DATA,1.6367,0.0901,1551988,1.7267

DATA,1.7512,0.0364,1552013,1.7876

DATA,1.6736,0.1016,1552050,1.7752

DATA,1.6148,0.1177,1552074,1.7326

DATA,1.7114,0.0280,1552099,1.7394

DATA,1.6052,0.0905,1552123,1.6957

DATA,1.7419,0.1759,1552148,1.9178

DATA,1.7510,0.1057,1552173,1.8567

DATA,1.6948,0.1209,1552197,1.8158

DATA,1.7496,0.1349,1552222,1.8845

DATA,1.7057,0.0704,1552246,1.7761

DATA,1.6598,0.0066,1552271,1.6664

DATA,1.6009,0.1479,1552296,1.7489

DATA,1.6651,-0.0363,1552320,1.6288

DATA,1.6962,0.0793,1552345,1.7754

DATA,1.7075,0.0621,1552369,1.7695

DATA,1.6966,0.2218,1552406,1.9184

DATA,1.7254,0.0903,1552431,1.8157

DATA,1.7757,0.1527,1552456,1.9285

DATA,1.7960,0.1058,1552480,1.9019

DATA,1.5963,0.1196,1552505,1.7159

DATA,1.7243,0.1451,1552529,1.8694

DATA,1.7493,0.0344,1552554,1.7837

DATA,1.7163,0.0934,1552579,1.8097

DATA,1.6584,0.1480,1552603,1.8064

DATA,1.8018,0.1539,1552628,1.9557

DATA,1.7468,0.1083,1552653,1.8551

DATA,1.7689,0.0084,1552677,1.7773

DATA,1.6618,0.0407,1552702,1.7026

DATA,1.7618,-0.0002,1552726,1.7616

DATA,1.6484,0.1247,1552763,1.7731

DATA,1.7277,0.0482,1552788,1.7758

DATA,1.6374,0.1031,1552812,1.7405

DATA,1.6997,0.0419,1552837,1.7416

DATA,1.6808,0.1502,1552862,1.8310

DATA,1.6755,0.1469,1552886,1.8225

DATA,1.7018,0.0928,1552911,1.7946

DATA,1.5955,0.0163,1552936,1.6118

DATA,1.6501,0.0985,1552960,1.7486

DATA,1.6654,0.1055,1552985,1.7709

DATA,1.5792,0.1606,1553009,1.7398

DATA,1.6178,0.0358,1553034,1.6537

DATA,1.7600,0.1733,1553059,1.9333

DATA,1.6883,0.1243,1553083,1.8126

DATA,1.7117,-0.0301,1553120,1.6816

DATA,1.7800,0.0276,1553145,1.8076

DATA,1.6828,0.1079,1553169,1.7907

DATA,1.7612,0.0823,1553194,1.8434

DATA,1.6871,0.1500,1553219,1.8371

DATA,1.7464,0.1988,1553243,1.9453

DATA,1.7817,0.1337,1553268,1.9154

DATA,1.6721,0.0315,1553292,1.7036

DATA,1.7638,0.0586,1553317,1.8225

DATA,1.8001,0.0427,1553342,1.8427

DATA,1.6482,-0.0080,1553366,1.6402

DATA,1.6556,-0.0080,1553391,1.6476

DATA,1.6539,0.0591,1553415,1.7130

DATA,1.6619,0.0841,1553440,1.7461

DATA,1.7867,0.1608,1553477,1.9475

DATA,1.7956,-0.0051,1553502,1.7905

DATA,1.6984,0.0911,1553526,1.7895

DATA,1.7321,0.1073,1553551,1.8394

DATA,1.7367,0.1354,1553575,1.8721

DATA,1.7018,0.0959,1553600,1.7977

DATA,1.7093,0.1104,1553625,1.8196

DATA,1.6552,0.1414,1553649,1.7967

DATA,1.6984,0.0823,1553674,1.7807

DATA,1.6845,0.1834,1553699,1.8679

DATA,1.6091,0.0798,1553723,1.6889

DATA,1.6406,-0.0005,1553748,1.6401
DATA,1.5700,-0.0043,1553772,1.5658

DATA,1.7694,-0.0701,1553797,1.6993

DATA,1.6632,0.1417,1553834,1.8049

DATA,1.7586,0.0559,1553858,1.8145

DATA,1.7297,0.1517,1553883,1.8814

DATA,1.8210,0.0003,1553908,1.8213

DATA,1.7075,0.1208,1553932,1.8284

DATA,1.7178,0.0121,1553957,1.7299

DATA,1.6568,0.0939,1553981,1.7507

DATA,1.7625,0.0696,1554006,1.8321

DATA,1.8181,0.0718,1554031,1.8900

DATA,1.7346,0.0562,1554055,1.7908

DATA,1.7528,0.1432,1554080,1.8960

DATA,1.7333,0.1114,1554105,1.8447

DATA,1.6637,0.1300,1554129,1.7937

DATA,1.7262,0.0866,1554166,1.8128

DATA,1.7713,0.0274,1554191,1.7987

DATA,1.7325,-0.0204,1554215,1.7121

DATA,1.7528,0.1683,1554240,1.9211

DATA,1.6534,-0.0661,1554264,1.5874

DATA,1.7342,0.1248,1554289,1.8590

DATA,1.7902,0.1382,1554314,1.9284

DATA,1.7331,0.0586,1554338,1.7917

DATA,1.5781,0.1255,1554363,1.7036

DATA,1.6752,-0.0328,1554388,1.6423

DATA,1.7112,0.0861,1554412,1.7973

DATA,1.6516,0.0748,1554437,1.7264

DATA,1.7017,0.1372,1554461,1.8388

DATA,1.7001,0.0393,1554486,1.7394

DATA,1.6502,0.0617,1554523,1.7118

DATA,1.7474,0.0053,1554547,1.7527

DATA,1.7603,0.0499,1554572,1.8102

DATA,1.7058,0.0815,1554597,1.7872

DATA,1.7822,0.1175,1554621,1.8997

DATA,1.7163,0.0873,1554646,1.8036

DATA,1.7488,0.1734,1554671,1.9222

DATA,1.7340,0.0141,1554695,1.7480
DATA,1.7252,0.0188,1554720,1.7441

DATA,1.6927,0.0200,1554744,1.7127

DATA,1.7683,0.0377,1554769,1.8060

DATA,1.7148,0.0646,1554794,1.7794

DATA,1.6906,0.1415,1554818,1.8321

DATA,1.5491,0.1124,1554843,1.6615

DATA,1.7577,0.0560,1554880,1.8137

DATA,1.6876,0.0145,1554904,1.7022

DATA,1.7477,-0.0721,1554929,1.6756

DATA,1.6895,0.0210,1554953,1.7105

DATA,1.7381,0.0151,1554978,1.7532

DATA,1.6023,0.0258,1555003,1.6281

DATA,1.7398,0.2692,1555027,2.0090

DATA,1.6320,0.0767,1555052,1.7087

DATA,1.8270,-0.0357,1555077,1.7913

DATA,1.7801,0.1063,1555101,1.8863

DATA,1.6546,0.0454,1555126,1.6999

DATA,1.7205,0.0885,1555150,1.8090

DATA,1.6815,0.0408,1555175,1.7223

DATA,1.6350,0.0491,1555200,1.6841

DATA,1.7710,-0.0429,1555236,1.7281

DATA,1.7514,0.0391,1555261,1.7905

DATA,1.7520,0.0489,1555286,1.8009

DATA,1.7573,0.1703,1555310,1.9276

DATA,1.6969,0.1068,1555335,1.8037

DATA,1.6248,0.2179,1555360,1.8428

DATA,1.6981,0.1671,1555384,1.8652

DATA,1.6055,0.1343,1555409,1.7398

DATA,1.7570,0.1301,1555433,1.8871

DATA,1.7122,-0.0433,1555458,1.6689

DATA,1.7136,0.1953,1555483,1.9089

DATA,1.7118,0.1343,1555507,1.8461

DATA,1.7286,0.0859,1555532,1.8145

DATA,1.6827,-0.0062,1555556,1.6765

DATA,1.8057,0.1099,1555593,1.9157

DATA,1.6316,0.2215,1555618,1.8530

DATA,1.7932,-0.0213,1555643,1.7719

DATA,1.7015,0.1494,1555667,1.8509

DATA,1.8482,0.0795,1555692,1.9277

DATA,1.7144,0.0755,1555716,1.7899

DATA,1.7196,0.0711,1555741,1.7907

DATA,1.7090,0.0543,1555766,1.7633

DATA,1.6867,-0.0727,1555790,1.6140

DATA,1.6218,0.1498,1555815,1.7716

DATA,1.7515,0.0826,1555839,1.8341

DATA,1.7028,0.0869,1555864,1.7897

DATA,1.7406,0.0228,1555889,1.7634

DATA,1.7743,0.1083,1555913,1.8826

DATA,1.7502,0.1156,1555950,1.8658
DATA,1.7948,0.0326,1555975,1.8274

DATA,1.7212,0.0382,1555999,1.7594

DATA,1.6644,0.1233,1556024,1.7877

DATA,1.7395,0.1282,1556049,1.8677

DATA,1.6661,0.1180,1556073,1.7841

DATA,1.7061,0.1533,1556098,1.8594

DATA,1.7300,0.1626,1556122,1.8926

DATA,1.7516,0.1612,1556147,1.9128

DATA,1.6326,0.1433,1556172,1.7759

DATA,1.7684,-0.0853,1556196,1.6832

DATA,1.7526,0.1678,1556221,1.9204

DATA,1.6664,0.1239,1556245,1.7902

DATA,1.8051,0.0672,1556282,1.8723

DATA,1.7842,0.0516,1556307,1.8358

DATA,1.7565,0.0798,1556332,1.8363
DATA,1.7224,0.0694,1556356,1.7918

DATA,1.6379,0.1335,1556381,1.7715

DATA,1.7511,0.0842,1556405,1.8353

DATA,1.7570,0.0743,1556430,1.8313

DATA,1.6644,-0.0412,1556455,1.6232

DATA,1.6481,0.0958,1556479,1.7439

DATA,1.6887,0.1101,1556504,1.7988
DATA,1.7118,0.0886,1556528,1.8004

DATA,1.7312,0.0090,1556553,1.7402

DATA,1.7270,-0.0001,1556578,1.7269

DATA,1.7274,0.1181,1556602,1.8455

DATA,1.7318,0.0870,1556639,1.8188

DATA,1.8533,0.0174,1556664,1.8707

DATA,1.6901,0.1209,1556688,1.8111

DATA,1.7273,0.0694,1556713,1.7967

DATA,1.6922,0.1105,1556738,1.8027

DATA,1.7940,0.1288,1556762,1.9228

DATA,1.6672,0.0550,1556787,1.7222

DATA,1.7505,0.1489,1556811,1.8995

DATA,1.6944,0.0597,1556836,1.7542

DATA,1.6579,-0.0298,1556861,1.6281
DATA,1.7723,0.0167,1556885,1.7890

DATA,1.7558,0.0514,1556910,1.8072

DATA,1.7001,0.0071,1556934,1.7072

DATA,1.7396,0.0152,1556959,1.7548

DATA,1.7077,0.0761,1556996,1.7837

DATA,1.5751,0.0704,1557021,1.6455

DATA,1.6971,0.1584,1557045,1.8554

DATA,1.6407,0.1365,1557070,1.7772

DATA,1.7039,0.1506,1557094,1.8546

DATA,1.7640,0.1592,1557119,1.9233

DATA,1.7026,0.1901,1557144,1.8926

DATA,1.7093,0.1097,1557168,1.8191

DATA,1.7045,-0.0052,1557193,1.6993

DATA,1.6331,-0.0097,1557218,1.6233

DATA,1.7126,0.0711,1557242,1.7837

DATA,1.6583,0.0230,1557267,1.6813

DATA,1.7211,0.1177,1557291,1.8388

DATA,1.6888,0.1172,1557316,1.8060

DATA,1.6858,0.1376,1557353,1.8234

DATA,1.6642,-0.0365,1557377,1.6277

DATA,1.6411,-0.0011,1557402,1.6401

DATA,1.7948,0.0611,1557427,1.8559

DATA,1.6854,0.0175,1557451,1.7029

DATA,1.6680,0.0644,1557476,1.7324

DATA,1.7032,0.0463,1557501,1.7495

DATA,1.7307,0.0776,1557525,1.8082

DATA,1.7339,-0.0189,1557550,1.7150

DATA,1.7345,0.0384,1557574,1.7730

DATA,1.6867,0.0333,1557599,1.7200

DATA,1.7668,0.0171,1557624,1.7839

DATA,1.7607,0.1143,1557648,1.8751

DATA,1.7277,0.0309,1557673,1.7586

DATA,1.6923,0.0745,1557710,1.7668

DATA,1.7298,0.0710,1557734,1.8008

DATA,1.7191,0.1166,1557759,1.8357

DATA,1.7746,0.1110,1557784,1.8856

DATA,1.7359,-0.0737,1557808,1.6622

DATA,1.7200,-0.0021,1557833,1.7180

DATA,1.6728,0.0609,1557857,1.7337

DATA,1.6675,0.0085,1557882,1.6760

DATA,1.7206,-0.0012,1557907,1.7195

DATA,1.6996,0.1210,1557931,1.8206

DATA,1.8126,0.0142,1557956,1.8268

DATA,1.6939,0.1609,1557980,1.8549

DATA,1.7113,0.1251,1558005,1.8364

DATA,1.7214,0.1644,1558030,1.8858

DATA,1.7112,0.1244,1558067,1.8356

DATA,1.6898,-0.0537,1558091,1.6361

DATA,1.6498,0.1137,1558116,1.7636

DATA,1.7891,0.0209,1558140,1.8100

DATA,1.7198,0.1410,1558165,1.8608

DATA,1.6780,0.1444,1558190,1.8224

DATA,1.7110,0.1531,1558214,1.8640

DATA,1.7165,0.1883,1558239,1.9048

DATA,1.7114,0.0456,1558263,1.7571

DATA,1.7558,0.0549,1558288,1.8107

DATA,1.6711,0.0724,1558313,1.7435

DATA,1.7137,-0.0123,1558337,1.7014

DATA,1.7719,0.0402,1558362,1.8121

DATA,1.8277,0.0485,1558399,1.8763

DATA,1.6880,0.1155,1558423,1.8035

DATA,1.7686,0.2181,1558448,1.9867

DATA,1.7260,-0.0093,1558473,1.7167

DATA,1.6582,0.1252,1558497,1.7834

DATA,1.7570,0.0671,1558522,1.8241

DATA,1.6649,0.0026,1558546,1.6675

DATA,1.5727,0.0013,1558571,1.5740

DATA,1.6365,0.1505,1558596,1.7870

DATA,1.7267,0.1001,1558620,1.8268
DATA,1.6441,0.0402,1558645,1.6842

DATA,1.7427,0.0480,1558670,1.7907

DATA,1.6491,0.1592,1558694,1.8082

DATA,1.7732,0.1168,1558719,1.8901

DATA,1.6916,0.0632,1558756,1.7548

DATA,1.7170,0.1737,1558780,1.8907

DATA,1.7909,-0.0302,1558805,1.7607

DATA,1.6724,0.1636,1558829,1.8361

DATA,1.7954,0.0475,1558854,1.8429

DATA,1.6585,-0.0042,1558879,1.6543

DATA,1.6319,0.1775,1558903,1.8093

DATA,1.6814,0.0387,1558928,1.7201

DATA,1.6138,0.0578,1558953,1.6716

DATA,1.7338,0.1173,1558977,1.8510

DATA,1.7035,0.0486,1559002,1.7520

DATA,1.5994,0.1757,1559026,1.7751

DATA,1.6695,0.0638,1559051,1.7334

DATA,1.7266,0.0596,1559076,1.7862

DATA,1.7519,0.0557,1559112,1.8076

DATA,1.7713,0.1086,1559137,1.8800

DATA,1.6537,0.0606,1559162,1.7142

DATA,1.6971,0.1381,1559186,1.8351

DATA,1.5829,0.0291,1559211,1.6120

DATA,1.6846,0.0581,1559236,1.7427

DATA,1.7598,0.1142,1559260,1.8740

DATA,1.7334,0.0927,1559285,1.8261

DATA,1.7594,0.1118,1559309,1.8712

DATA,1.6868,0.0611,1559334,1.7478

DATA,1.6695,0.0608,1559359,1.7304

DATA,1.7834,0.0187,1559383,1.8021

DATA,1.6782,0.0997,1559408,1.7779

DATA,1.6408,0.1257,1559432,1.7665

DATA,1.7214,0.1518,1559469,1.8733

DATA,1.7671,0.0793,1559494,1.8464

DATA,1.7502,0.0838,1559519,1.8340

DATA,1.7128,-0.0063,1559543,1.7066

DATA,1.6364,0.1265,1559568,1.7629

DATA,1.6791,0.0085,1559592,1.6876

DATA,1.7580,0.2249,1559617,1.9829

DATA,1.7206,0.1126,1559642,1.8332

DATA,1.7268,0.0647,1559666,1.7916

DATA,1.6905,0.1559,1559691,1.8464

DATA,1.7066,0.0258,1559715,1.7324

DATA,1.6516,0.2032,1559740,1.8548

DATA,1.7048,0.1077,1559765,1.8125

DATA,1.7025,0.0071,1559789,1.7096

DATA,1.6240,0.1585,1559826,1.7825

DATA,1.7340,0.0092,1559851,1.7432

DATA,1.7740,0.1135,1559875,1.8875

DATA,1.6912,0.0828,1559900,1.7740

DATA,1.7705,0.1396,1559925,1.9101

DATA,1.6703,0.1726,1559949,1.8429

DATA,1.6806,0.1539,1559974,1.8346

DATA,1.6784,0.0348,1559998,1.7132

DATA,1.7875,-0.0093,1560023,1.7782

DATA,1.7055,0.2783,1560048,1.9838

DATA,1.7578,0.1577,1560072,1.9154

DATA,1.6637,0.1863,1560097,1.8499

DATA,1.6890,0.0558,1560122,1.7448

DATA,1.7914,-0.0092,1560146,1.7821

DATA,1.7278,0.1556,1560183,1.8835

DATA,1.6700,0.1586,1560208,1.8286

DATA,1.7592,0.1523,1560232,1.9114

DATA,1.6563,-0.0074,1560257,1.6490

DATA,1.7170,0.1453,1560281,1.8622

DATA,1.7115,0.0915,1560306,1.8030

DATA,1.6376,0.0039,1560331,1.6416

DATA,1.6439,0.0410,1560355,1.6849

DATA,1.6722,0.2042,1560380,1.8763

DATA,1.6231,0.0501,1560405,1.6732

DATA,1.6435,0.1759,1560429,1.8194

DATA,1.8193,-0.0223,1560454,1.7970

DATA,1.7020,0.0324,1560478,1.7344

DATA,1.6878,0.1209,1560503,1.8087

DATA,1.7342,0.0918,1560540,1.8260

DATA,1.8030,0.1252,1560564,1.9282

DATA,1.7813,0.0606,1560589,1.8419

DATA,1.7704,-0.0052,1560614,1.7652

DATA,1.7136,0.0556,1560638,1.7693

DATA,1.7503,0.0856,1560663,1.8358

DATA,1.6705,-0.0554,1560688,1.6152

DATA,1.6853,0.0095,1560712,1.6949

DATA,1.7437,0.0809,1560737,1.8246

DATA,1.7884,0.0757,1560761,1.8641

DATA,1.7090,0.0289,1560786,1.7379

DATA,1.6718,0.1476,1560811,1.8193

DATA,1.7164,0.0428,1560835,1.7592

DATA,1.6438,0.1403,1560860,1.7841

DATA,1.7262,0.0502,1560897,1.7764

DATA,1.5863,0.0591,1560921,1.6454

DATA,1.6658,0.1921,1560946,1.8578

DATA,1.6959,-0.0425,1560971,1.6534

DATA,1.7028,0.0855,1560995,1.7883

DATA,1.6071,0.1065,1561020,1.7135

DATA,1.7488,0.0046,1561044,1.7534

DATA,1.6816,0.1637,1561069,1.8453

DATA,1.6846,0.1428,1561094,1.8275

DATA,1.6802,0.0971,1561118,1.7773

DATA,1.7741,0.1655,1561143,1.9396

DATA,1.6492,0.0637,1561167,1.7129

DATA,1.7167,0.0923,1561192,1.8090

DATA,1.6027,0.0330,1561229,1.6357

DATA,1.7260,0.0916,1561254,1.8176

DATA,1.7912,0.1003,1561278,1.8915

DATA,1.7736,-0.0468,1561303,1.7268

DATA,1.7244,0.0045,1561327,1.7289

DATA,1.6846,0.0814,1561352,1.7660

DATA,1.7067,0.0847,1561377,1.7914

DATA,1.8369,0.0411,1561401,1.8780

DATA,1.7214,0.0942,1561426,1.8156

DATA,1.6892,0.0897,1561450,1.7789

DATA,1.6631,0.0275,1561475,1.6906

DATA,1.6851,0.1064,1561500,1.7915

DATA,1.7256,0.1627,1561524,1.8884

DATA,1.7307,0.0655,1561549,1.7962

DATA,1.7013,0.1288,1561586,1.8301

DATA,1.5657,0.0098,1561610,1.5756

DATA,1.7090,0.0473,1561635,1.7562

DATA,1.6267,0.0475,1561660,1.6742

DATA,1.6170,-0.0459,1561684,1.5711

DATA,1.6785,0.0491,1561709,1.7275

DATA,1.6203,0.0878,1561733,1.7081

DATA,1.7290,-0.0449,1561758,1.6841

DATA,1.6459,0.1314,1561783,1.7773

DATA,1.6765,0.0741,1561807,1.7506

DATA,1.8731,0.0934,1561832,1.9665

DATA,2.9585,-0.0071,1561856,2.9515

DATA,3.1094,0.0469,1561881,3.1563

DATA,1.5151,0.1210,1561906,1.6361

DATA,0.9553,-0.0492,1561943,0.9061

DATA,0.8722,0.0356,1561967,0.9078

DATA,0.6343,0.1652,1561992,0.7995

DATA,-0.1734,0.1101,1562016,-0.0633

DATA,-0.1244,-0.0301,1562041,-0.1544

DATA,0.1998,0.0733,1562066,0.2731

DATA,0.5604,-0.0636,1562090,0.4968

DATA,1.9287,0.0857,1562115,2.0144

DATA,2.6255,-0.0174,1562139,2.6082

DATA,3.3209,-0.0304,1562164,3.2905

DATA,4.8415,0.0574,1562189,4.8989

DATA,6.5801,0.0485,1562213,6.6286

DATA,8.8142,0.0004,1562238,8.8146

DATA,12.7564,0.1081,1562262,12.8645

DATA,15.8207,0.0163,1562299,15.8369

DATA,18.4250,0.0317,1562324,18.4567

DATA,24.1421,0.0703,1562349,24.2124

DATA,30.0981,0.1244,1562373,30.2225

DATA,33.9535,-0.0216,1562398,33.9319

DATA,36.0589,0.0444,1562422,36.1032

DATA,38.5557,0.1094,1562447,38.6651

DATA,38.6199,0.0553,1562472,38.6752

DATA,38.6700,-0.0402,1562496,38.6298

DATA,39.0522,0.0844,1562521,39.1366

DATA,38.7992,0.0348,1562545,38.8340

DATA,38.2905,0.1070,1562570,38.3975
DATA,37.4153,0.1206,1562595,37.5359

DATA,35.8851,-0.0096,1562619,35.8755

DATA,35.2209,0.0518,1562656,35.2726

DATA,34.7563,0.0412,1562681,34.7974

DATA,34.1944,0.0474,1562705,34.2418
DATA,33.3523,0.0406,1562730,33.3928

DATA,32.0878,0.0536,1562755,32.1414

DATA,31.7259,0.0047,1562779,31.7307

DATA,29.6089,0.0937,1562804,29.7025

DATA,20.9020,0.0890,1562828,20.9910

DATA,7.0197,0.0331,1562853,7.0528

DATA,0.2490,0.1039,1562878,0.3529

DATA,0.4436,0.0593,1562902,0.5029

DATA,0.3787,0.0884,1562927,0.4671

DATA,0.4544,-0.0129,1562951,0.4414

DATA,0.5475,0.1359,1562988,0.6834

DATA,0.4088,-0.0388,1563013,0.3700

DATA,0.5173,0.0830,1563038,0.6003

DATA,0.5235,0.0642,1563062,0.5877

DATA,0.5324,-0.1780,1563087,0.3544

DATA,0.6166,-0.0504,1563111,0.5661

DATA,0.8461,-0.0492,1563136,0.7969

DATA,0.9639,-0.0106,1563161,0.9533

DATA,5.0606,-0.0064,1563185,5.0543

DATA,9.6735,-0.0586,1563210,9.6150

DATA,11.4881,0.0197,1563234,11.5078
DATA,14.7705,0.1153,1563259,14.8859

DATA,17.4897,0.0114,1563284,17.5011

DATA,18.3552,0.0486,1563308,18.4038

DATA,18.3325,0.0007,1563345,18.3332

DATA,18.6260,0.0917,1563370,18.7177

DATA,18.9993,0.0466,1563394,19.0459

DATA,19.1488,0.0402,1563419,19.1890

DATA,19.2421,-0.0038,1563444,19.2383

DATA,19.1761,0.0970,1563468,19.2731

DATA,18.7884,0.0232,1563493,18.8116

DATA,17.9396,0.0505,1563517,17.9901

DATA,16.0179,0.0751,1563542,16.0929

DATA,11.2580,0.0639,1563567,11.3219

DATA,6.7650,-0.0054,1563591,6.7596

DATA,5.2620,-0.0368,1563616,5.2252

DATA,5.0551,0.0735,1563640,5.1287

DATA,5.2055,0.1397,1563665,5.3452

DATA,5.8020,-0.0516,1563702,5.7505

DATA,7.0933,0.0820,1563727,7.1753

DATA,14.2068,0.0678,1563751,14.2747

DATA,19.9384,0.0601,1563776,19.9984

DATA,23.6212,0.0255,1563800,23.6467

DATA,26.7111,0.1086,1563825,26.8196

DATA,28.5817,-0.0016,1563850,28.5801

DATA,27.1656,0.1109,1563874,27.2765

DATA,26.1658,0.0819,1563899,26.2478

DATA,25.8789,-0.0430,1563923,25.8359

DATA,25.7095,0.0408,1563948,25.7504

DATA,26.0803,-0.0106,1563973,26.0697

DATA,26.4249,0.0161,1563997,26.4410

DATA,26.8156,0.0866,1564022,26.9021

DATA,27.4313,-0.1202,1564059,27.3111

DATA,28.2196,-0.0875,1564083,28.1321

DATA,28.5894,0.0748,1564108,28.6643

DATA,29.2358,0.0946,1564133,29.3305

DATA,29.9780,-0.0022,1564157,29.9758

DATA,30.6988,0.0252,1564182,30.7240

DATA,32.1363,0.0669,1564206,32.2032

DATA,33.0123,0.0363,1564231,33.0486

DATA,33.2664,0.0185,1564256,33.2849

DATA,33.4602,0.0437,1564280,33.5040

DATA,33.3084,0.2838,1564305,33.5923

DATA,33.0749,0.0806,1564329,33.1555

DATA,33.1505,-0.0513,1564354,33.0993

DATA,33.2642,0.0493,1564379,33.3135

DATA,33.8989,0.0938,1564416,33.9928

DATA,35.5060,0.0234,1564440,35.5294

DATA,37.0888,0.0057,1564465,37.0945

DATA,37.3101,0.0089,1564489,37.3190

DATA,37.7194,0.0181,1564514,37.7375

DATA,39.0735,0.0482,1564539,39.1217

DATA,41.5502,0.0028,1564563,41.5529

DATA,43.1591,0.0186,1564588,43.1777

DATA,46.8440,0.0296,1564612,46.8736

DATA,49.5478,0.1316,1564637,49.6794

DATA,55.0979,-0.0499,1564662,55.0480

DATA,59.0530,0.0192,1564686,59.0723

DATA,62.2780,-0.0003,1564711,62.2777

DATA,63.4691,0.1246,1564736,63.5937

DATA,63.2566,-0.0289,1564772,63.2277

DATA,62.7763,0.0429,1564797,62.8192
DATA,63.3839,0.0135,1564822,63.3973

DATA,63.6090,-0.0347,1564846,63.5743

DATA,63.0546,0.0715,1564871,63.1261
DATA,62.6388,0.0996,1564895,62.7385

DATA,62.2748,0.0162,1564920,62.2910

DATA,58.9289,-0.0043,1564945,58.9246

DATA,50.0394,-0.0128,1564969,50.0266

DATA,33.8916,0.0668,1564994,33.9584

DATA,17.1662,0.0715,1565019,17.2378

DATA,8.0974,0.0420,1565043,8.1394

DATA,4.4832,0.0628,1565068,4.5460

DATA,2.7393,0.1423,1565092,2.8816

DATA,2.9183,0.0688,1565129,2.9871

DATA,3.1935,0.0636,1565154,3.2571

DATA,3.8489,0.0176,1565178,3.8665

DATA,4.2494,0.1128,1565203,4.3622

DATA,4.7311,-0.0350,1565228,4.6961

DATA,4.6451,0.1044,1565252,4.7494

DATA,4.1547,0.0101,1565277,4.1648

DATA,3.6900,0.0437,1565301,3.7338

DATA,3.5726,0.1622,1565326,3.7347

DATA,3.7477,0.0579,1565351,3.8056

DATA,3.6674,0.1742,1565375,3.8416

DATA,3.3430,0.0166,1565400,3.3597

DATA,3.5266,-0.0613,1565425,3.4653

DATA,4.1784,-0.0543,1565461,4.1240

DATA,8.8112,0.0832,1565486,8.8944

DATA,15.8311,0.1032,1565511,15.9343

DATA,19.3740,0.0623,1565535,19.4363

DATA,28.0110,0.0889,1565560,28.0999

DATA,35.2232,-0.0385,1565585,35.1847

DATA,37.7112,0.0683,1565609,37.7794

DATA,37.9547,0.0047,1565634,37.9594

DATA,37.8988,0.1029,1565658,38.0017

DATA,38.0522,0.0894,1565683,38.1415

DATA,37.7900,0.0544,1565708,37.8444

DATA,37.8559,-0.0087,1565732,37.8472

DATA,37.9721,-0.0541,1565757,37.9180

DATA,37.6256,0.0206,1565781,37.6462

DATA,37.1907,0.0672,1565818,37.2579

DATA,36.7950,0.0752,1565843,36.8702

DATA,36.4499,0.0932,1565868,36.5431

DATA,35.9776,0.0608,1565892,36.0384

DATA,35.8051,0.0983,1565917,35.9035

DATA,35.0409,0.1011,1565941,35.1420

DATA,33.6425,-0.0480,1565966,33.5945

DATA,31.9662,0.0321,1565991,31.9983

DATA,29.5184,0.0618,1566015,29.5803

DATA,27.1071,0.1656,1566040,27.2728

DATA,24.0601,0.0593,1566064,24.1194

DATA,21.1222,-0.0032,1566089,21.1190

DATA,21.1215,-0.0314,1566114,21.0901

DATA,21.3123,0.1974,1566138,21.5096

DATA,21.6435,-0.0177,1566175,21.6258

DATA,22.2153,-0.0149,1566200,22.2004

DATA,22.5719,0.0822,1566224,22.6540

DATA,22.5757,-0.0532,1566249,22.5225

DATA,22.3983,0.0718,1566274,22.4702

DATA,21.6635,0.0224,1566298,21.6859

DATA,21.4382,-0.0289,1566323,21.4093

DATA,21.6665,0.0645,1566347,21.7309

DATA,21.9623,-0.0139,1566372,21.9484

DATA,22.6578,-0.0647,1566397,22.5931

DATA,22.8557,0.1064,1566421,22.9621

DATA,23.5312,-0.0356,1566446,23.4956

DATA,24.2270,-0.0500,1566470,24.1770

DATA,24.0077,0.1213,1566495,24.1289

DATA,23.5006,-0.0225,1566532,23.4781

DATA,23.1910,0.1024,1566557,23.2934

DATA,22.5366,0.0797,1566581,22.6163

DATA,22.5008,0.1665,1566606,22.6673

DATA,23.1928,0.1239,1566630,23.3168

DATA,24.2945,-0.0700,1566655,24.2246

DATA,24.9655,0.0013,1566680,24.9668

DATA,24.9722,0.1475,1566704,25.1196

DATA,24.1578,-0.0042,1566729,24.1537

DATA,23.3849,0.1004,1566753,23.4853

DATA,22.4336,0.0236,1566778,22.4572

DATA,21.9365,0.0708,1566803,22.0073

DATA,20.8751,0.0880,1566827,20.9631

DATA,20.8256,0.1093,1566852,20.9348

DATA,21.0003,-0.1089,1566889,20.8914

DATA,20.7911,0.1462,1566913,20.9373

DATA,20.9828,0.0032,1566938,20.9860

DATA,20.9151,0.0129,1566963,20.9281

DATA,21.1157,0.1543,1566987,21.2700

DATA,20.7701,-0.0228,1567012,20.7472

DATA,20.4555,0.0710,1567036,20.5265

DATA,19.5333,-0.0188,1567061,19.5145

DATA,18.2541,0.1564,1567086,18.4105

DATA,18.3811,-0.0679,1567110,18.3132

DATA,18.2182,-0.0522,1567135,18.1661

DATA,18.0783,-0.0416,1567159,18.0367

DATA,17.6763,0.0976,1567184,17.7739

DATA,16.8227,0.0494,1567209,16.8721

DATA,16.0851,0.0332,1567246,16.1183

DATA,15.7781,0.0492,1567270,15.8273

DATA,15.0460,0.0189,1567295,15.0649

DATA,14.2238,0.0874,1567319,14.3112

DATA,13.8910,-0.1173,1567344,13.7737

DATA,13.5059,0.0793,1567369,13.5851

DATA,13.4129,-0.0164,1567393,13.3965

DATA,13.3778,0.0285,1567418,13.4063

DATA,13.0814,0.0222,1567442,13.1037

DATA,12.9844,-0.0078,1567467,12.9766

DATA,12.4782,0.0589,1567492,12.5371

DATA,11.7102,0.0486,1567516,11.7588

DATA,9.8534,0.1255,1567541,9.9789

DATA,7.0386,0.1213,1567566,7.1599

DATA,4.2382,0.0236,1567602,4.2618
DATA,2.9057,-0.0256,1567627,2.8800

DATA,2.8382,0.0354,1567652,2.8736

DATA,1.9505,0.1281,1567676,2.0785

DATA,2.3784,0.0016,1567701,2.3800

DATA,1.7895,0.0858,1567725,1.8754

DATA,1.4205,0.2254,1567750,1.6459

DATA,1.2472,0.0854,1567775,1.3326

DATA,1.0846,-0.0475,1567799,1.0371

DATA,1.0574,0.0500,1567824,1.1074

DATA,1.0280,0.0732,1567848,1.1013

DATA,1.0934,0.0004,1567873,1.0938
DATA,1.1946,0.0071,1567898,1.2017

DATA,1.0863,0.1699,1567922,1.2562

DATA,0.9759,-0.0086,1567959,0.9673

DATA,1.1300,0.0508,1567984,1.1808

DATA,1.0497,0.0733,1568008,1.1230

DATA,1.0584,0.1202,1568033,1.1786

DATA,1.1129,0.0721,1568058,1.1850

DATA,1.1258,0.1501,1568082,1.2759

DATA,1.0068,0.2040,1568107,1.2108

DATA,1.0648,0.2305,1568131,1.2953

DATA,1.1533,0.0571,1568156,1.2104

DATA,1.0523,0.1221,1568181,1.1743

DATA,1.1205,0.0710,1568205,1.1915
DATA,1.0748,0.0931,1568230,1.1678

DATA,1.0641,0.0167,1568255,1.0808

DATA,1.1286,0.2033,1568291,1.3319

DATA,1.0407,-0.0202,1568316,1.0205

DATA,0.9412,0.1036,1568341,1.0449

DATA,1.0747,-0.0528,1568365,1.0219

DATA,1.0842,0.0861,1568390,1.1703

DATA,1.1060,0.0899,1568414,1.1959

DATA,1.0573,0.0052,1568439,1.0625

DATA,1.1088,0.0463,1568464,1.1551

DATA,1.1855,0.0283,1568488,1.2137

DATA,1.0931,0.1539,1568513,1.2470

DATA,1.2089,0.1295,1568538,1.3384

DATA,1.1069,0.1047,1568562,1.2116

DATA,1.2063,0.1656,1568587,1.3720

DATA,1.1549,0.0576,1568611,1.2125

DATA,1.2110,0.0241,1568648,1.2351

DATA,1.0449,0.0879,1568673,1.1328

DATA,1.2453,0.0240,1568697,1.2693

DATA,1.1266,-0.0501,1568722,1.0766

DATA,1.1986,0.0386,1568747,1.2373

DATA,1.1674,0.0611,1568771,1.2285

DATA,1.1698,0.0328,1568796,1.2027

DATA,1.2499,0.1004,1568821,1.3504

DATA,1.2571,0.0382,1568845,1.2953

DATA,1.1895,0.0677,1568870,1.2571

DATA,1.2291,0.0712,1568894,1.3004

DATA,1.2885,0.0739,1568919,1.3625

DATA,1.1905,0.1059,1568944,1.2964

