DATA,3.7200,0.2643,1959174,3.9843

DATA,3.8134,0.0338,1959199,3.8473

DATA,3.8216,0.1356,1959223,3.9573

DATA,3.7225,0.1348,1959248,3.8573

DATA,3.7207,0.1465,1959272,3.8672

DATA,3.7864,0.1301,1959297,3.9165

DATA,3.8293,0.0722,1959321,3.9016

DATA,3.7128,0.1392,1959346,3.8520

DATA,3.7110,0.0283,1959370,3.7393

DATA,3.6751,0.1764,1959395,3.8514

DATA,3.8601,0.1134,1959420,3.9735

DATA,3.8798,0.1497,1959444,4.0295

DATA,3.7786,0.0776,1959481,3.8561

DATA,3.6865,0.2305,1959506,3.9170

DATA,3.7232,0.0999,1959530,3.8231

DATA,3.6856,0.2451,1959555,3.9307

DATA,3.7574,0.1878,1959579,3.9453

DATA,3.8255,0.1522,1959604,3.9777

DATA,3.6901,0.1773,1959628,3.8674

DATA,3.6616,0.0833,1959653,3.7449

DATA,3.8494,0.1709,1959677,4.0203

DATA,3.7306,0.1782,1959702,3.9088
DATA,3.7333,0.2315,1959727,3.9649

DATA,3.7949,0.1082,1959751,3.9031

DATA,3.7100,0.2224,1959776,3.9323

DATA,3.8017,0.1265,1959800,3.9282

DATA,3.7483,0.0755,1959837,3.8238

DATA,3.7215,0.1734,1959862,3.8949

DATA,3.7234,0.2628,1959886,3.9863

DATA,3.7624,0.1533,1959911,3.9156

DATA,3.7311,0.1019,1959935,3.8330

DATA,3.7160,0.2153,1959960,3.9313

DATA,3.8256,0.1756,1959984,4.0013

DATA,3.6959,0.0576,1960009,3.7535

DATA,3.7293,0.1565,1960034,3.8858

DATA,3.7219,0.1955,1960058,3.9174

DATA,3.8480,0.1708,1960083,4.0188

DATA,3.8425,0.0875,1960107,3.9300

DATA,3.7980,0.0455,1960132,3.8435

DATA,3.7595,0.1385,1960156,3.8980

DATA,3.7588,0.1144,1960193,3.8732

DATA,3.6787,0.1859,1960218,3.8646

DATA,3.8304,0.1752,1960242,4.0056

DATA,3.7289,0.1745,1960267,3.9034

DATA,3.7336,0.1647,1960291,3.8983

DATA,3.7958,0.2410,1960316,4.0368

DATA,3.7932,0.2408,1960341,4.0340

DATA,3.6735,0.2172,1960365,3.8907

DATA,3.8034,0.1474,1960390,3.9507

DATA,3.7650,0.1992,1960414,3.9641

DATA,3.7405,0.0893,1960439,3.8298

DATA,3.8314,0.1631,1960463,3.9944

DATA,3.7007,0.0504,1960488,3.7510

DATA,3.7033,0.2205,1960525,3.9238

DATA,3.7296,0.1604,1960549,3.8900

DATA,3.8367,0.0315,1960574,3.8682

DATA,3.7308,0.0829,1960598,3.8137

DATA,4.0325,0.0587,1960623,4.0912

DATA,3.6467,0.1632,1960648,3.8099

DATA,3.8776,0.1795,1960672,4.0570

DATA,4.1423,0.1750,1960697,4.3173

DATA,3.8677,0.1789,1960721,4.0466

DATA,4.3152,0.1838,1960746,4.4990

DATA,5.1426,0.0623,1960770,5.2049

DATA,5.0451,0.1793,1960795,5.2244

DATA,5.1231,-0.0114,1960819,5.1117

DATA,4.7565,0.1945,1960844,4.9510

DATA,4.8299,0.1307,1960881,4.9607

DATA,4.7997,0.0869,1960905,4.8866

DATA,4.8706,0.1665,1960930,5.0372

DATA,5.0575,0.1928,1960955,5.2503

DATA,4.9241,0.0962,1960979,5.0202

DATA,4.7237,0.0656,1961004,4.7893

DATA,4.7016,0.0238,1961028,4.7254

DATA,4.7000,0.2462,1961053,4.9462

DATA,4.9179,0.0802,1961077,4.9981

DATA,6.6274,0.0817,1961102,6.7091

DATA,9.6657,0.2212,1961126,9.8868

DATA,9.3752,0.0876,1961151,9.4628

DATA,8.9000,0.1376,1961176,9.0376

DATA,5.3334,0.1121,1961212,5.4455

DATA,4.7864,0.0193,1961237,4.8056

DATA,4.8022,0.1735,1961262,4.9757

DATA,5.0967,0.1596,1961286,5.2563

DATA,7.6936,0.0753,1961311,7.7689

DATA,9.7472,0.2067,1961335,9.9539

DATA,9.5189,0.0739,1961360,9.5929

DATA,9.8005,0.2569,1961384,10.0574

DATA,9.9503,0.1778,1961409,10.1281

DATA,9.9970,0.1382,1961433,10.1352

DATA,10.2746,0.1408,1961458,10.4154

DATA,10.3885,0.0328,1961483,10.4213

DATA,10.5335,0.1175,1961507,10.6511

DATA,10.0819,0.2118,1961532,10.2937

DATA,7.0922,0.1839,1961569,7.2762
DATA,6.7793,0.0508,1961593,6.8301

DATA,7.5483,0.2070,1961618,7.7553

DATA,7.9502,0.3114,1961642,8.2616

DATA,9.2994,0.1902,1961667,9.4896

DATA,9.9352,0.2077,1961691,10.1429

DATA,10.8445,0.2235,1961716,11.0681
DATA,11.1950,0.1026,1961740,11.2975

DATA,12.2753,0.2048,1961765,12.4802

DATA,14.9448,0.2462,1961790,15.1910

DATA,18.3418,0.2191,1961814,18.5609

DATA,21.0377,0.1352,1961839,21.1729

DATA,20.6778,0.1723,1961863,20.8500

DATA,20.6636,0.1004,1961900,20.7640

DATA,21.3584,0.1357,1961925,21.4941

DATA,22.1928,0.2165,1961949,22.4093

DATA,20.7885,0.1202,1961974,20.9087

DATA,14.4638,0.0586,1961998,14.5224

DATA,8.2052,0.2363,1962023,8.4415

DATA,6.9273,0.1812,1962047,7.1084

DATA,6.9323,0.1211,1962072,7.0534

DATA,6.6644,0.1614,1962097,6.8258

DATA,6.7169,0.1451,1962121,6.8620

DATA,6.6700,0.1566,1962146,6.8267

DATA,6.6592,0.1698,1962170,6.8290

DATA,6.7906,0.2026,1962195,6.9932

DATA,6.4996,0.1133,1962219,6.6129

DATA,6.1331,0.1804,1962256,6.3135

DATA,6.9473,0.2427,1962281,7.1900

DATA,7.3497,0.1022,1962305,7.4519

DATA,10.0218,0.1628,1962330,10.1845

DATA,13.0576,0.1532,1962354,13.2108

DATA,16.2882,0.1568,1962379,16.4450

DATA,19.1655,0.2422,1962404,19.4077

DATA,21.3919,0.1161,1962428,21.5080

DATA,22.5503,0.1234,1962453,22.6737

DATA,23.2784,0.1922,1962477,23.4706

DATA,25.5584,0.0498,1962502,25.6083

DATA,27.0966,0.1893,1962526,27.2859

DATA,27.9033,0.2698,1962551,28.1731

DATA,28.9638,0.0925,1962575,29.0563

DATA,31.2810,0.0907,1962612,31.3718

DATA,31.3234,0.1966,1962637,31.5201

DATA,31.5008,0.2189,1962661,31.7197

DATA,31.6103,0.1621,1962686,31.7724

DATA,31.4774,0.0461,1962711,31.5234

DATA,25.6959,0.1353,1962735,25.8312

DATA,14.5877,0.1050,1962760,14.6927

DATA,5.2411,0.1022,1962784,5.3433

DATA,5.8605,0.2312,1962809,6.0917

DATA,6.8319,0.1609,1962833,6.9929

DATA,6.2259,0.1483,1962858,6.3742

DATA,6.4662,0.0799,1962882,6.5461

DATA,6.4419,0.0970,1962907,6.5389

DATA,6.2938,0.1687,1962944,6.4625

DATA,6.2881,0.1471,1962968,6.4352

DATA,6.6399,0.0022,1962993,6.6421

DATA,9.0184,0.1404,1963018,9.1588

DATA,13.0034,0.0685,1963042,13.0719

DATA,15.8032,0.0321,1963067,15.8352

DATA,16.2678,0.0916,1963091,16.3594

DATA,18.7189,0.1558,1963116,18.8747

DATA,21.4808,0.0867,1963140,21.5674

DATA,25.1701,0.2506,1963165,25.4208

DATA,30.2243,0.2031,1963189,30.4274

DATA,35.2944,0.0967,1963214,35.3912

DATA,36.0735,0.1743,1963239,36.2477

DATA,36.1377,0.0807,1963263,36.2185

DATA,36.4167,0.1138,1963300,36.5305

DATA,36.4365,0.1118,1963325,36.5483

DATA,35.5798,-0.0783,1963349,35.5015

DATA,32.4274,0.1841,1963374,32.6115

DATA,27.7414,0.0685,1963398,27.8098

DATA,26.7579,0.1338,1963423,26.8917

DATA,18.4262,-0.0006,1963447,18.4255

DATA,8.4457,0.1427,1963472,8.5884

DATA,5.2555,0.2748,1963496,5.5303

DATA,4.6123,0.2483,1963521,4.8606

DATA,4.1035,0.0581,1963546,4.1616

DATA,3.5445,-0.1731,1963570,3.3714

DATA,4.1906,0.3415,1963595,4.5321

DATA,4.2449,0.1786,1963631,4.4235

DATA,3.9223,0.2078,1963656,4.1302

DATA,3.9871,0.2017,1963681,4.1888

DATA,3.9876,0.1691,1963705,4.1567

DATA,3.9488,0.2227,1963730,4.1715

DATA,4.0341,0.1229,1963754,4.1570

DATA,3.8404,0.1898,1963779,4.0301

DATA,3.9477,0.2092,1963803,4.1570

DATA,3.9201,0.1752,1963828,4.0953

DATA,3.8594,0.2942,1963853,4.1536

DATA,3.9557,0.0116,1963877,3.9672

DATA,3.8182,0.1632,1963902,3.9814

DATA,3.9362,0.1082,1963926,4.0443

DATA,3.9670,0.1621,1963951,4.1291

DATA,3.9109,0.0801,1963988,3.9910

DATA,3.8306,0.1603,1964012,3.9909

DATA,3.8903,0.0683,1964037,3.9586

DATA,3.7159,0.2511,1964061,3.9670

DATA,3.8718,0.1781,1964086,4.0499

DATA,3.8742,0.1039,1964110,3.9781

DATA,3.7623,0.0677,1964135,3.8299

DATA,3.9747,0.1283,1964160,4.1030

DATA,3.8604,0.0680,1964184,3.9284

DATA,3.7614,0.2752,1964209,4.0365

DATA,3.7862,0.2575,1964233,4.0437

DATA,3.7933,0.1181,1964258,3.9114

DATA,3.7373,0.1385,1964282,3.8758

DATA,3.8399,0.1055,1964319,3.9454

DATA,3.8083,0.1099,1964344,3.9182

DATA,3.8059,0.0786,1964368,3.8845

DATA,3.7730,0.0911,1964393,3.8640

DATA,3.7647,0.1634,1964417,3.9281

DATA,3.7724,0.1623,1964442,3.9347

DATA,3.7616,0.0815,1964466,3.8432

DATA,3.8222,0.0935,1964491,3.9157

DATA,3.8231,0.1282,1964516,3.9513

DATA,3.7173,0.1455,1964540,3.8628

DATA,3.8594,0.1628,1964565,4.0223

DATA,3.8106,0.1329,1964589,3.9436

DATA,3.8682,0.1298,1964614,3.9980

DATA,3.8089,0.1516,1964638,3.9604

DATA,3.7758,0.1296,1964675,3.9055

DATA,3.7038,0.2704,1964700,3.9741

DATA,3.9168,0.1759,1964724,4.0927

DATA,3.6907,0.0638,1964749,3.7545

DATA,3.8366,0.1843,1964773,4.0209

DATA,3.8982,0.1059,1964798,4.0041

DATA,3.8084,0.1899,1964823,3.9984

DATA,3.8064,0.1264,1964847,3.9328

DATA,3.7397,0.2428,1964872,3.9826

DATA,3.8586,0.1445,1964896,4.0032

DATA,3.8036,0.0609,1964921,3.8645

DATA,3.7396,0.0978,1964945,3.8374

DATA,3.7613,0.1569,1964970,3.9182

DATA,3.7605,0.2240,1964994,3.9845

