DATA,3.1150,0.1413,711148,3.2563

DATA,3.0552,0.1371,711172,3.1923

DATA,2.7725,0.0792,711197,2.8516

DATA,2.0648,0.0127,711221,2.0776

DATA,1.7385,0.0528,711246,1.7914

DATA,2.4009,0.0662,711271,2.4670

DATA,2.3731,0.0682,711295,2.4413

DATA,2.4441,0.0895,711320,2.5336

DATA,2.5527,-0.0483,711344,2.5045

DATA,3.6298,0.2474,711369,3.8771

DATA,3.1538,0.0842,711393,3.2380

DATA,2.8307,-0.0111,711430,2.8196

DATA,2.8240,0.1118,711455,2.9358

DATA,2.7925,0.1078,711479,2.9003

DATA,2.7647,0.1235,711504,2.8882

DATA,2.8708,-0.0336,711528,2.8372

DATA,2.9088,0.1128,711553,3.0216

DATA,2.7064,0.1941,711578,2.9005

DATA,2.6704,0.1294,711602,2.7998

DATA,2.7570,0.1079,711627,2.8649

DATA,2.6839,-0.0438,711651,2.6401

DATA,2.7961,0.0090,711676,2.8051

DATA,2.6771,-0.0341,711700,2.6431

DATA,2.5975,0.0889,711725,2.6865

DATA,2.6750,0.1159,711750,2.7909

DATA,2.6563,0.0921,711786,2.7484

DATA,2.6619,-0.0299,711811,2.6320

DATA,2.5193,-0.0820,711835,2.4373

DATA,2.5906,0.1792,711860,2.7698

DATA,2.5940,0.0013,711885,2.5953

DATA,2.6694,0.0955,711909,2.7650

DATA,2.4029,0.0978,711934,2.5007

DATA,2.4984,0.1107,711958,2.6091

DATA,2.5191,0.0892,711983,2.6082

DATA,2.5741,0.0473,712007,2.6214

DATA,2.6574,0.1962,712032,2.8535

DATA,3.1057,0.1086,712057,3.2142

