DATA,0.0001,0.0302,9609,0.0303

DATA,-0.0852,0.0819,9633,-0.0032

DATA,-0.1243,-0.0526,9658,-0.1770

DATA,-0.0897,-0.1140,9682,-0.2037

DATA,0.0101,-0.2063,9707,-0.1962

DATA,-0.1121,-0.1326,9731,-0.2447

DATA,-0.0642,-0.0325,9756,-0.0967

DATA,-0.0673,-0.0684,9780,-0.1357

DATA,-0.0944,-0.0433,9805,-0.1378

DATA,-0.0805,0.0198,9829,-0.0606

DATA,-0.0471,-0.1903,9854,-0.2374

DATA,-0.0564,-0.1173,9891,-0.1738

DATA,0.0456,-0.0248,9915,0.0208

DATA,0.0318,-0.0269,9940,0.0049

DATA,0.0275,-0.0889,9964,-0.0614

DATA,-0.0357,-0.0871,9989,-0.1227

DATA,-0.1234,-0.0376,10013,-0.1610

DATA,0.0379,-0.1192,10038,-0.0813

DATA,-0.1091,-0.0956,10062,-0.2047

DATA,0.0099,-0.0816,10087,-0.0717

DATA,-0.0719,-0.1928,10112,-0.2647

DATA,-0.0264,-0.0119,10136,-0.0383

DATA,-0.0408,-0.1269,10161,-0.1677

DATA,-0.1821,-0.0081,10185,-0.1901

DATA,-0.0034,0.1604,10222,0.1570

DATA,-0.0577,-0.0516,10246,-0.1093

DATA,-0.0893,-0.1158,10271,-0.2051

DATA,-0.1310,-0.1002,10295,-0.2312

DATA,-0.1028,-0.1107,10320,-0.2136

DATA,-0.0431,-0.0587,10344,-0.1018

DATA,-0.0485,-0.1245,10369,-0.1730

DATA,0.0095,-0.0992,10394,-0.0897

DATA,-0.1224,0.0009,10418,-0.1214

DATA,-0.0918,0.0049,10443,-0.0868

DATA,-0.0408,-0.0298,10467,-0.0707

DATA,-0.0670,0.0005,10492,-0.0665

DATA,-0.0170,-0.0525,10516,-0.0695

DATA,-0.1349,-0.0977,10541,-0.2325

DATA,-0.0303,-0.0429,10578,-0.0732

DATA,-0.0154,-0.0079,10602,-0.0233

DATA,-0.0694,-0.0079,10627,-0.0773

DATA,-0.0184,0.0098,10651,-0.0087

DATA,0.0224,-0.1674,10676,-0.1450

DATA,0.0654,-0.0932,10700,-0.0278

DATA,-0.0732,-0.0076,10725,-0.0807

DATA,0.1280,-0.0613,10749,0.0667

DATA,-0.0604,-0.0229,10774,-0.0833

DATA,-0.1342,-0.1758,10798,-0.3100

DATA,-0.0747,-0.0321,10823,-0.1068

DATA,-0.0933,-0.1091,10847,-0.2023

DATA,-0.1558,0.1027,10872,-0.0531

DATA,0.0053,-0.0980,10909,-0.0927

DATA,-0.2803,0.0176,10933,-0.2628

DATA,-0.2062,0.0797,10958,-0.1266

DATA,-1.3229,-0.3259,10982,-1.6488

DATA,-0.1702,-0.0144,11007,-0.1846

DATA,0.3594,0.0472,11031,0.4065

DATA,0.3133,-0.0896,11056,0.2237

DATA,0.1234,-0.0542,11080,0.0693

DATA,0.4597,-0.1467,11105,0.3131

DATA,1.0281,-0.1747,11129,0.8534

DATA,1.2285,-0.1997,11154,1.0288

DATA,0.9695,0.0344,11178,1.0039

DATA,1.1155,0.0413,11203,1.1567

DATA,1.2888,-0.0872,11240,1.2016

DATA,1.0655,-0.0815,11264,0.9840

DATA,1.4080,-0.0404,11289,1.3676

DATA,3.0550,-0.0427,11313,3.0123

DATA,5.6942,-0.0903,11338,5.6040
DATA,11.4029,0.0446,11362,11.4476

DATA,14.2831,-0.0798,11387,14.2033

DATA,16.4617,0.0011,11411,16.4628

DATA,17.8524,-0.1029,11436,17.7494

DATA,18.3415,-0.1198,11460,18.2217

DATA,19.7467,-0.0550,11485,19.6917

DATA,20.6762,-0.0479,11510,20.6282

DATA,21.1828,-0.1288,11534,21.0540

DATA,21.7132,-0.1376,11559,21.5756

DATA,21.9475,-0.0323,11595,21.9152

DATA,22.1281,-0.0020,11620,22.1261

DATA,22.0299,-0.0264,11644,22.0036

DATA,22.1030,-0.1055,11669,21.9975

DATA,21.4505,0.0155,11693,21.4660

DATA,20.6357,-0.0488,11718,20.5870

DATA,19.9266,-0.1106,11743,19.8160

DATA,19.9258,-0.0048,11767,19.9210

DATA,19.3412,-0.1108,11792,19.2305

DATA,18.8967,0.0046,11816,18.9013

DATA,18.7371,0.0171,11841,18.7542

DATA,18.4489,-0.0159,11865,18.4330

DATA,18.3113,0.0032,11890,18.3145

DATA,18.5308,-0.1185,11927,18.4123

DATA,18.1489,-0.1021,11951,18.0468

DATA,17.8800,-0.0833,11976,17.7967

DATA,17.9546,0.0180,12000,17.9726

DATA,18.0860,-0.1251,12025,17.9609

DATA,18.1782,-0.1018,12049,18.0764

DATA,17.7193,0.0311,12074,17.7504

DATA,17.5876,-0.0373,12098,17.5503

DATA,17.5797,-0.0182,12123,17.5615

DATA,17.7743,-0.0004,12147,17.7739

DATA,17.6649,-0.0665,12172,17.5985

DATA,17.6403,-0.0981,12196,17.5421

DATA,17.9549,0.0566,12221,18.0116

DATA,18.0940,-0.0926,12258,18.0013

DATA,18.1941,0.0632,12282,18.2573

DATA,18.2766,-0.1122,12307,18.1644

DATA,18.6004,-0.0293,12331,18.5710

DATA,18.4354,-0.1192,12356,18.3162

DATA,17.9835,0.0088,12380,17.9923

DATA,17.8824,-0.0606,12405,17.8218

DATA,17.8292,-0.0745,12429,17.7547

DATA,17.9628,-0.1371,12454,17.8257

DATA,17.4652,-0.1442,12478,17.3210

DATA,16.3555,-0.0733,12503,16.2822

DATA,13.0464,-0.1284,12527,12.9180

DATA,7.2275,-0.0583,12552,7.1692

DATA,5.3266,-0.0381,12576,5.2885

DATA,5.2344,0.0078,12613,5.2423

DATA,5.1312,-0.0584,12638,5.0728

DATA,4.9884,-0.0845,12662,4.9038

DATA,4.9157,-0.0031,12687,4.9126

DATA,4.8994,-0.0819,12711,4.8174

DATA,4.8153,-0.1532,12736,4.6621

DATA,4.7218,-0.0849,12760,4.6368

DATA,4.5149,-0.1726,12785,4.3424

DATA,4.6970,-0.1318,12809,4.5652

DATA,4.7997,-0.0697,12834,4.7299

DATA,5.1351,-0.2051,12859,4.9301

DATA,5.6398,-0.1024,12883,5.5375

DATA,6.7573,-0.0332,12908,6.7241

DATA,10.8386,-0.1138,12944,10.7248

DATA,15.5846,-0.0847,12969,15.4999

DATA,19.1104,0.0943,12993,19.2047

DATA,22.2644,-0.2341,13018,22.0304

DATA,23.8157,-0.0693,13043,23.7464

DATA,25.3149,-0.0953,13067,25.2197

DATA,26.4884,-0.1015,13092,26.3869

DATA,28.3436,-0.1525,13116,28.1911

DATA,29.4549,0.0146,13141,29.4695

DATA,29.0349,-0.0814,13165,28.9535

DATA,27.9278,-0.0294,13190,27.8984

DATA,27.0558,-0.1145,13214,26.9413

DATA,24.6177,-0.1644,13239,24.4533

DATA,18.1025,-0.1343,13263,17.9682

DATA,10.2405,-0.0934,13300,10.1470

DATA,5.5547,-0.0625,13325,5.4922

DATA,5.3221,-0.2445,13349,5.0776

DATA,5.1692,-0.0338,13374,5.1354

DATA,5.0918,-0.0280,13398,5.0638

DATA,4.9496,0.1146,13423,5.0642

DATA,5.0403,-0.0552,13447,4.9851

DATA,4.9160,-0.0380,13472,4.8780

DATA,4.9471,0.0425,13496,4.9896

DATA,4.8392,-0.0281,13521,4.8110

DATA,5.6105,0.0663,13545,5.6768

DATA,7.0317,-0.0965,13570,6.9352

DATA,9.1432,-0.0262,13594,9.1171

DATA,11.8963,-0.1881,13631,11.7082

DATA,16.2268,-0.0134,13656,16.2135

DATA,19.6880,0.0455,13680,19.7335

DATA,22.2615,0.0298,13705,22.2913

DATA,24.2299,-0.1077,13729,24.1222

DATA,25.5045,-0.1554,13754,25.3490

DATA,26.4416,-0.0699,13778,26.3717

DATA,26.4564,-0.0093,13803,26.4471

DATA,25.8793,-0.0511,13827,25.8283

DATA,25.9231,0.0002,13852,25.9232

DATA,25.6645,-0.0591,13876,25.6055

DATA,25.2127,0.0289,13901,25.2417

DATA,25.6360,0.0434,13926,25.6794

DATA,26.1862,-0.0357,13962,26.1505

DATA,26.1800,-0.0058,13987,26.1742

DATA,25.7888,-0.0913,14011,25.6975

DATA,25.2648,-0.1231,14036,25.1418

DATA,24.7134,-0.0077,14060,24.7057

DATA,23.9340,-0.0833,14085,23.8507

DATA,22.3056,-0.0735,14109,22.2321

DATA,19.9254,0.0197,14134,19.9452

DATA,18.1458,-0.0693,14159,18.0765

DATA,16.2719,-0.0320,14183,16.2399

DATA,14.0829,-0.0081,14208,14.0748

DATA,12.1515,-0.0755,14232,12.0760

DATA,12.3571,-0.0426,14257,12.3145

DATA,12.7028,0.0371,14281,12.7399

DATA,12.3653,-0.0640,14318,12.3013

DATA,12.3526,-0.0478,14342,12.3048

DATA,12.1966,-0.0659,14367,12.1307

DATA,11.6391,-0.0725,14392,11.5666

DATA,10.0242,-0.0588,14416,9.9654

DATA,7.3627,-0.1617,14441,7.2010

DATA,5.7709,-0.1308,14465,5.6401

DATA,5.4332,-0.0014,14490,5.4318

DATA,4.8164,-0.0225,14514,4.7939

DATA,4.1668,-0.0845,14539,4.0823

DATA,3.8658,-0.0813,14563,3.7846

DATA,3.6487,-0.1511,14588,3.4976

DATA,3.8558,-0.0694,14612,3.7864

DATA,3.7054,-0.0714,14649,3.6340

DATA,3.7479,-0.0603,14674,3.6876

DATA,3.6694,-0.0353,14698,3.6341

DATA,3.7975,-0.0124,14723,3.7851

DATA,3.6851,-0.0635,14747,3.6216

DATA,3.6284,-0.0756,14772,3.5527

DATA,3.7033,-0.1002,14796,3.6031

DATA,3.5992,-0.0458,14821,3.5533

DATA,3.5598,0.0347,14845,3.5945

DATA,3.6154,-0.0024,14870,3.6130

DATA,3.5945,-0.1089,14894,3.4856

DATA,3.6655,0.0095,14919,3.6750

DATA,3.6389,0.0769,14943,3.7158

DATA,3.7254,0.0268,14968,3.7522

DATA,3.5457,-0.0569,15005,3.4887

DATA,3.6899,-0.0082,15029,3.6817

DATA,3.6686,-0.0806,15054,3.5880

DATA,3.5720,-0.0805,15078,3.4915

DATA,3.5921,0.0616,15103,3.6537

DATA,3.6694,-0.0381,15127,3.6313

DATA,3.6956,0.0268,15152,3.7224

DATA,3.5640,-0.0554,15176,3.5086

DATA,3.6762,-0.0598,15201,3.6164

DATA,3.5554,-0.1095,15225,3.4459

DATA,3.6371,-0.1469,15250,3.4902

DATA,3.5861,0.0048,15274,3.5908

DATA,3.6587,-0.0373,15299,3.6214

DATA,3.6476,-0.0556,15336,3.5920

DATA,3.5615,-0.0884,15360,3.4731
DATA,3.6298,-0.1305,15385,3.4993

DATA,3.5401,0.0352,15409,3.5753

DATA,3.5957,-0.0124,15434,3.5833

DATA,3.5952,-0.0289,15458,3.5663

DATA,3.6255,-0.0493,15483,3.5762

DATA,3.5966,-0.0139,15507,3.5826

DATA,3.5916,-0.0755,15532,3.5161

DATA,3.5799,-0.0426,15556,3.5373

DATA,3.5034,-0.0705,15581,3.4329

DATA,3.4723,0.0174,15605,3.4897

DATA,3.6553,-0.0385,15630,3.6168

DATA,3.6399,-0.1007,15667,3.5392

DATA,3.4646,-0.1511,15691,3.3135

DATA,3.6694,-0.0694,15716,3.6001

DATA,3.6181,-0.1138,15740,3.5043

DATA,3.6460,0.0018,15765,3.6478

DATA,3.6524,-0.0265,15789,3.6259

DATA,3.7127,-0.1523,15814,3.5604

DATA,3.5868,-0.0704,15838,3.5165

DATA,3.5774,-0.1263,15863,3.4510

DATA,3.6433,0.0725,15888,3.7158

DATA,3.6718,-0.0654,15912,3.6063

DATA,3.6745,-0.0608,15937,3.6137

DATA,3.5957,0.0555,15961,3.6512

DATA,3.6197,-0.0839,15986,3.5358

DATA,3.5937,0.0704,16022,3.6641

DATA,3.6376,-0.1354,16047,3.5022

DATA,3.5602,-0.0416,16071,3.5186

DATA,3.5361,-0.0472,16096,3.4888

DATA,3.6357,-0.0524,16121,3.5833

DATA,3.6290,-0.2231,16145,3.4059

DATA,3.6929,-0.1227,16170,3.5702

DATA,3.6180,-0.1599,16194,3.4581

DATA,3.6408,-0.0295,16219,3.6114

DATA,3.5763,-0.3186,16243,3.2577

DATA,3.6653,-0.1706,16268,3.4947

DATA,3.6253,-0.1444,16292,3.4809

DATA,3.5582,0.0200,16317,3.5782

DATA,3.6263,0.0234,16354,3.6497

DATA,3.6863,0.0037,16378,3.6901

DATA,3.6742,-0.1258,16403,3.5484

DATA,3.6298,-0.0186,16427,3.6112

DATA,3.6333,-0.0418,16452,3.5915

DATA,3.6197,0.0774,16476,3.6971

DATA,3.5559,-0.0517,16501,3.5041

DATA,3.6844,-0.0881,16525,3.5963

DATA,3.7051,-0.1223,16550,3.5829

DATA,3.7377,-0.1507,16574,3.5871

DATA,3.6231,0.0817,16599,3.7048

DATA,3.6515,-0.0152,16623,3.6363

DATA,3.7081,-0.0283,16648,3.6798

DATA,3.7610,-0.0761,16685,3.6849

DATA,3.6483,-0.0821,16709,3.5662

DATA,3.6560,-0.0803,16734,3.5758

DATA,3.7791,-0.1038,16758,3.6754

DATA,3.5906,-0.1531,16783,3.4376

DATA,3.6290,-0.0395,16807,3.5895

DATA,3.6495,0.0597,16832,3.7092

DATA,3.6430,-0.0132,16856,3.6298

DATA,3.6992,-0.0267,16881,3.6724

DATA,3.6946,-0.2037,16905,3.4909

DATA,3.6883,-0.0950,16930,3.5933

DATA,3.6527,-0.0413,16954,3.6115

DATA,3.6695,-0.0222,16979,3.6473

DATA,3.7096,0.0508,17004,3.7604

DATA,3.6613,-0.0301,17040,3.6312

DATA,3.6836,-0.1233,17065,3.5603

DATA,3.6045,-0.0952,17089,3.5093

DATA,3.6298,-0.0090,17114,3.6208

DATA,3.5733,-0.0781,17138,3.4952

DATA,3.7664,-0.0652,17163,3.7011

DATA,3.6885,-0.1582,17187,3.5303

DATA,3.6188,-0.0639,17212,3.5549

DATA,3.6767,-0.0742,17237,3.6025

DATA,3.5771,0.0146,17261,3.5917

DATA,3.6307,-0.0613,17286,3.5694

DATA,3.7729,-0.0280,17310,3.7449

DATA,3.6535,-0.0859,17335,3.5676

DATA,3.6801,-0.0267,17371,3.6533

DATA,3.6929,-0.0149,17396,3.6779

DATA,3.6603,-0.0277,17421,3.6325

DATA,3.6773,-0.0224,17445,3.6549

DATA,3.6736,-0.0165,17470,3.6571

DATA,3.7307,0.0343,17494,3.7650

DATA,3.5755,0.0147,17519,3.5902

DATA,3.6919,0.0872,17543,3.7790

DATA,3.6849,-0.0783,17568,3.6066

DATA,3.7181,-0.1723,17592,3.5458

DATA,3.6875,0.0035,17617,3.6910

DATA,3.7735,0.0461,17641,3.8196

DATA,3.6110,0.0719,17666,3.6829

DATA,3.7984,-0.0266,17703,3.7718

DATA,3.6867,-0.1187,17727,3.5680

DATA,3.7813,-0.1206,17752,3.6607

DATA,3.6407,-0.0397,17776,3.6010

DATA,3.6968,-0.0112,17801,3.6856

DATA,3.7773,0.0317,17825,3.8089

DATA,3.6598,-0.2087,17850,3.4511

DATA,3.6590,-0.0425,17874,3.6165

DATA,3.7359,-0.0289,17899,3.7070

DATA,3.5809,0.0076,17923,3.5885

DATA,3.6516,-0.0186,17948,3.6329

DATA,3.7295,-0.0491,17972,3.6803

DATA,3.7521,-0.1877,17997,3.5644

DATA,3.7578,0.0545,18021,3.8123

DATA,3.6164,-0.0053,18058,3.6110

DATA,3.6088,-0.1080,18083,3.5008

DATA,3.7638,0.0381,18107,3.8018

DATA,3.6732,-0.0649,18132,3.6083

DATA,3.6703,-0.1312,18156,3.5391

DATA,3.7112,-0.0555,18181,3.6557

DATA,3.6997,-0.1272,18205,3.5725

DATA,3.6454,-0.0026,18230,3.6429

DATA,3.8297,-0.0132,18254,3.8166

DATA,3.6558,-0.0333,18279,3.6226

DATA,3.7827,-0.1771,18304,3.6057

DATA,3.6836,0.0445,18328,3.7281

DATA,3.7457,-0.0777,18353,3.6680

DATA,3.7756,-0.0482,18389,3.7274

DATA,3.7270,-0.1435,18414,3.5835

DATA,3.6617,-0.0912,18438,3.5705

DATA,3.7067,-0.0950,18463,3.6117

DATA,3.7545,-0.0382,18487,3.7163

DATA,3.7030,-0.0102,18512,3.6928

DATA,3.6511,-0.0494,18537,3.6017

DATA,3.7700,-0.0539,18561,3.7161

DATA,3.6800,-0.0772,18586,3.6028

DATA,3.7207,-0.0916,18610,3.6291

DATA,3.6759,-0.0966,18635,3.5793

DATA,3.6810,0.0696,18659,3.7507

DATA,3.7046,0.0094,18684,3.7140

DATA,3.7893,-0.0318,18708,3.7575

DATA,3.6384,0.0061,18745,3.6444

DATA,3.7640,-0.0098,18770,3.7542

DATA,3.7377,-0.0548,18794,3.6829

DATA,3.7768,-0.0040,18819,3.7728

DATA,3.7566,-0.0853,18843,3.6713

DATA,3.7002,-0.1288,18868,3.5714

DATA,3.7680,-0.0537,18892,3.7142

DATA,3.6132,-0.0953,18917,3.5179

DATA,3.7986,0.0195,18941,3.8181

DATA,3.7567,-0.1131,18966,3.6436

DATA,3.7007,0.0204,18990,3.7210

DATA,3.6998,-0.0224,19015,3.6775

DATA,3.8008,-0.1317,19039,3.6690

DATA,3.8066,-0.1345,19076,3.6720

DATA,3.7456,-0.0103,19101,3.7353

DATA,3.7027,0.0283,19125,3.7310

DATA,3.7475,-0.0476,19150,3.6999

DATA,3.7534,-0.0747,19174,3.6787

DATA,3.8655,-0.1387,19199,3.7267

DATA,3.7269,-0.1060,19223,3.6209

DATA,3.7579,-0.0515,19248,3.7063

DATA,3.7543,-0.0282,19272,3.7261

DATA,3.6914,0.0188,19297,3.7102

DATA,3.7334,-0.0806,19321,3.6528

DATA,3.7755,-0.0829,19346,3.6925

DATA,3.7320,-0.1141,19370,3.6180

DATA,3.7669,-0.0711,19407,3.6958

DATA,3.7116,-0.0449,19432,3.6667

DATA,3.7449,-0.1642,19456,3.5807

DATA,3.8044,0.0701,19481,3.8744

DATA,3.7775,-0.0824,19505,3.6951

DATA,3.6548,0.0095,19530,3.6642

DATA,3.7988,-0.0853,19554,3.7135

DATA,3.7626,-0.0726,19579,3.6900

DATA,3.7394,-0.0369,19603,3.7025

DATA,3.7154,-0.0495,19628,3.6658

DATA,3.8122,0.0486,19652,3.8608

DATA,3.7112,-0.0211,19677,3.6901

DATA,3.7564,-0.1146,19701,3.6419

DATA,3.7814,0.0321,19726,3.8135

DATA,3.6145,0.0473,19763,3.6617

DATA,3.7759,-0.0418,19787,3.7341

DATA,3.8723,-0.0042,19812,3.8681

DATA,3.8333,-0.0764,19836,3.7569

DATA,3.8346,-0.0346,19861,3.8000

DATA,3.8314,0.0599,19885,3.8913

DATA,3.7498,0.0589,19910,3.8087

DATA,3.6519,-0.0698,19934,3.5820

DATA,3.8618,0.0502,19959,3.9120

DATA,3.7606,-0.0195,19983,3.7411

DATA,3.8384,-0.0245,20008,3.8139

DATA,3.7118,-0.0918,20033,3.6200

DATA,3.7596,-0.1249,20057,3.6347

DATA,3.6971,0.0089,20094,3.7061

DATA,3.7925,-0.1478,20118,3.6447

DATA,3.7801,-0.1520,20143,3.6281

DATA,3.7726,-0.0130,20167,3.7596

DATA,3.6722,-0.0089,20192,3.6633

DATA,3.6773,-0.0276,20216,3.6497

DATA,3.7226,-0.0078,20241,3.7148

DATA,3.8266,-0.0795,20266,3.7470

DATA,3.7797,-0.0861,20290,3.6937

DATA,3.7874,-0.0530,20315,3.7344

DATA,3.7749,-0.0864,20339,3.6885

DATA,3.7748,-0.1203,20364,3.6545

DATA,3.7761,0.0041,20388,3.7802

DATA,3.7740,-0.0458,20425,3.7282

DATA,3.7415,-0.0165,20449,3.7250

DATA,3.8077,-0.0311,20474,3.7766

DATA,3.7559,-0.0197,20499,3.7362

DATA,3.7588,-0.0630,20523,3.6958

DATA,3.7770,-0.0744,20548,3.7026

DATA,3.7407,0.0659,20572,3.8066

DATA,3.8015,0.0174,20597,3.8188

DATA,3.7438,-0.0407,20621,3.7031

DATA,3.8013,-0.1721,20646,3.6292

DATA,3.7421,-0.0994,20670,3.6427

DATA,3.7847,-0.0111,20695,3.7736

DATA,3.8263,0.0155,20719,3.8418

DATA,3.7931,-0.0462,20744,3.7470

DATA,3.7464,-0.0097,20781,3.7367

DATA,3.8224,-0.0786,20805,3.7437

DATA,3.8007,-0.0932,20830,3.7075

DATA,3.7277,0.0422,20854,3.7699

DATA,3.6684,-0.1370,20879,3.5314

DATA,3.6814,-0.0379,20903,3.6435

DATA,3.7613,-0.0163,20928,3.7450

DATA,3.8775,-0.0236,20952,3.8538

DATA,3.8288,-0.0281,20977,3.8008

DATA,3.7825,0.0283,21001,3.8108

DATA,3.8374,0.0401,21026,3.8775

DATA,3.8771,-0.0101,21050,3.8671

DATA,3.7512,0.0087,21075,3.7599

DATA,3.7896,0.0089,21112,3.7985

DATA,3.8112,-0.0195,21136,3.7917

DATA,3.8704,-0.0846,21161,3.7859

DATA,3.8437,-0.0747,21185,3.7690

DATA,3.7938,-0.0635,21210,3.7303
DATA,3.8299,-0.0143,21234,3.8156

DATA,3.7909,-0.1394,21259,3.6515

DATA,3.7908,-0.0480,21283,3.7428

DATA,3.8343,-0.0601,21308,3.7742

DATA,3.7214,-0.0124,21332,3.7090

DATA,3.8421,-0.0496,21357,3.7925

DATA,3.8566,-0.0691,21382,3.7876

DATA,3.7807,0.0734,21406,3.8541

DATA,3.8246,-0.0364,21443,3.7882

DATA,3.7914,-0.0673,21467,3.7241

DATA,3.7365,-0.1230,21492,3.6135

DATA,3.8418,-0.0353,21516,3.8065

DATA,3.7742,0.0333,21541,3.8075

DATA,3.7608,-0.0898,21565,3.6711

DATA,3.7700,0.1055,21590,3.8754

DATA,3.8168,0.0499,21615,3.8668

DATA,3.7424,-0.0934,21639,3.6490

DATA,3.8461,-0.0482,21664,3.7979

DATA,3.7184,-0.2665,21688,3.4519

DATA,3.6600,0.0053,21713,3.6653

DATA,3.8225,0.0021,21737,3.8246

DATA,3.7749,-0.1057,21762,3.6692

DATA,3.8277,-0.1281,21798,3.6996

DATA,3.7918,-0.0445,21823,3.7473

DATA,3.7758,-0.1676,21848,3.6082

DATA,3.7450,-0.1498,21872,3.5951

DATA,3.7178,0.0129,21897,3.7307

DATA,3.7090,-0.0364,21921,3.6726

DATA,3.7772,-0.0439,21946,3.7333

DATA,3.7636,-0.0802,21970,3.6835

DATA,3.8219,-0.0576,21995,3.7643

DATA,3.7013,-0.0039,22019,3.6974

DATA,3.6712,0.0025,22044,3.6737

DATA,3.8425,-0.0910,22068,3.7515

DATA,3.8296,0.0404,22093,3.8700

DATA,3.8071,-0.1562,22130,3.6510

DATA,3.7265,-0.0156,22154,3.7109

DATA,3.7815,-0.1179,22179,3.6636

DATA,3.8768,-0.0191,22203,3.8577

DATA,3.8805,-0.1756,22228,3.7049

DATA,3.8131,-0.1274,22252,3.6856

DATA,3.7951,-0.1592,22277,3.6360

DATA,3.7133,-0.0182,22301,3.6951

DATA,3.7962,-0.0407,22326,3.7555

DATA,3.7983,-0.0182,22350,3.7802

DATA,3.7909,-0.1178,22375,3.6731

DATA,3.8673,-0.0701,22399,3.7972

DATA,3.7945,-0.0678,22424,3.7267

DATA,3.8730,0.0893,22461,3.9623

DATA,3.8612,0.0115,22485,3.8727

DATA,3.8047,-0.1704,22510,3.6343

DATA,3.8001,-0.0329,22534,3.7671

DATA,3.7344,0.0797,22559,3.8141

DATA,3.7788,0.0039,22583,3.7827

DATA,3.7998,-0.0512,22608,3.7486

DATA,3.7591,-0.0406,22632,3.7185

DATA,3.7882,-0.1207,22657,3.6675

DATA,3.7578,-0.1073,22681,3.6504

DATA,3.8584,-0.0661,22706,3.7923

DATA,3.7626,-0.0376,22731,3.7251
DATA,3.9131,-0.0640,22755,3.8491

DATA,3.7078,0.0656,22780,3.7733

DATA,3.7872,-0.0186,22816,3.7686

DATA,3.8024,-0.0221,22841,3.7803

DATA,3.8316,-0.0576,22865,3.7740

DATA,3.8836,-0.0241,22890,3.8596

DATA,3.8484,-0.0242,22914,3.8242

DATA,3.8779,-0.0666,22939,3.8113

DATA,3.8627,-0.0665,22964,3.7962

DATA,3.7714,0.0574,22988,3.8288

DATA,3.8993,-0.0621,23013,3.8372

DATA,3.8310,-0.0232,23037,3.8078

DATA,3.8089,-0.0057,23062,3.8032

DATA,3.8931,0.0339,23086,3.9270

DATA,3.8418,-0.0487,23111,3.7931

DATA,3.7896,-0.0071,23148,3.7826

DATA,3.8331,-0.1341,23172,3.6990

DATA,3.7711,-0.0181,23197,3.7530

DATA,3.9019,-0.1068,23221,3.7950

DATA,3.8196,-0.0396,23246,3.7800

DATA,3.8394,-0.0337,23270,3.8057

DATA,3.8695,-0.1095,23295,3.7600

DATA,3.9149,0.0338,23319,3.9487

DATA,3.8364,-0.0823,23344,3.7541

DATA,3.8013,-0.1643,23368,3.6370

DATA,3.8686,0.0737,23393,3.9423

DATA,3.9037,-0.1282,23417,3.7755

DATA,3.8569,-0.0856,23442,3.7713

DATA,3.7520,0.0663,23466,3.8183

DATA,3.8466,-0.0654,23503,3.7812

DATA,3.8128,-0.1253,23528,3.6875

DATA,3.7608,0.0197,23552,3.7805
DATA,3.8948,-0.1483,23577,3.7465

DATA,3.8878,0.0153,23601,3.9031

DATA,3.8213,-0.0184,23626,3.8029

DATA,3.7997,-0.1101,23650,3.6896

DATA,3.8431,-0.0027,23675,3.8403

DATA,3.8834,-0.1074,23699,3.7761

DATA,3.8187,-0.0383,23724,3.7804

DATA,3.8620,0.1291,23748,3.9911

DATA,3.9712,-0.0364,23773,3.9348

DATA,3.8407,0.0581,23798,3.8988

DATA,3.7771,0.0455,23834,3.8226

DATA,3.8951,-0.0098,23859,3.8852

DATA,3.8470,-0.0112,23883,3.8359

DATA,3.8767,-0.0604,23908,3.8163

DATA,3.7895,-0.1084,23932,3.6811

DATA,3.8986,-0.0966,23957,3.8020

DATA,3.8808,-0.0079,23982,3.8729

DATA,3.9010,-0.0429,24006,3.8581

DATA,3.8849,-0.1133,24031,3.7716

DATA,3.8703,-0.1011,24055,3.7692

DATA,3.8887,-0.0003,24080,3.8884

DATA,3.9098,-0.0268,24104,3.8830

DATA,3.8847,-0.0651,24129,3.8196

DATA,3.8252,0.0224,24166,3.8476

DATA,3.7909,0.0934,24190,3.8844

DATA,3.8583,-0.1482,24215,3.7102

DATA,3.8783,-0.0388,24239,3.8395

DATA,3.9667,0.0182,24264,3.9849

DATA,3.8327,-0.0533,24288,3.7794
DATA,3.7520,-0.0785,24313,3.6735

DATA,4.0588,-0.0423,24337,4.0165

DATA,3.9309,-0.0848,24362,3.8461

DATA,3.8262,-0.0619,24386,3.7643

DATA,3.8664,0.0371,24411,3.9035
DATA,3.9007,0.1365,24435,4.0372

DATA,3.8746,-0.1301,24460,3.7446

DATA,3.9149,0.0485,24484,3.9634

DATA,3.8602,0.0346,24521,3.8947

DATA,3.7895,-0.0308,24546,3.7587

DATA,3.9940,-0.1229,24570,3.8711

DATA,3.8458,-0.1090,24595,3.7368

DATA,3.9374,0.0157,24619,3.9531

DATA,3.8341,-0.0733,24644,3.7609
DATA,3.8805,-0.0621,24668,3.8183

DATA,4.0158,-0.1152,24693,3.9006

DATA,3.9884,-0.0453,24717,3.9430

DATA,3.8472,-0.0212,24742,3.8260

DATA,3.9510,-0.0362,24766,3.9149

DATA,3.9433,-0.0493,24791,3.8940

DATA,3.9010,-0.0400,24815,3.8610

DATA,3.8845,0.0107,24852,3.8952

DATA,3.8433,-0.0596,24877,3.7837

DATA,3.8351,-0.0413,24901,3.7937

DATA,3.9627,-0.0386,24926,3.9241

DATA,3.8232,-0.0061,24950,3.8171

DATA,3.7718,-0.1078,24975,3.6640

DATA,3.9157,-0.1093,24999,3.8065

DATA,3.8211,-0.1398,25024,3.6813

DATA,3.8454,-0.0672,25048,3.7783

DATA,3.9185,-0.1126,25073,3.8059

DATA,3.8379,-0.0725,25098,3.7654

DATA,3.8287,-0.1697,25122,3.6590

DATA,3.8906,0.0357,25147,3.9263

DATA,3.8046,-0.1447,25183,3.6599

DATA,3.7928,0.0730,25208,3.8658

DATA,3.8081,-0.0221,25232,3.7860

DATA,3.9269,0.0767,25257,4.0036

DATA,3.8285,-0.0180,25281,3.8105

DATA,3.8029,-0.0907,25306,3.7122

DATA,3.9302,0.0044,25331,3.9346

DATA,3.8720,-0.0121,25355,3.8599

DATA,3.7733,0.0156,25380,3.7888

DATA,3.8873,-0.1495,25404,3.7378
DATA,3.8126,-0.0056,25429,3.8071

DATA,3.8914,-0.1022,25453,3.7892

DATA,3.8969,-0.0248,25478,3.8721

DATA,3.7775,-0.1772,25502,3.6004

DATA,3.8903,-0.1824,25539,3.7079

DATA,3.9092,-0.1814,25564,3.7279

DATA,3.7936,-0.0600,25588,3.7336

DATA,3.8092,-0.0895,25613,3.7197

DATA,3.9305,-0.0151,25637,3.9154

DATA,3.9323,-0.0227,25662,3.9095

DATA,3.9564,-0.1251,25686,3.8313

DATA,3.8681,-0.1404,25711,3.7277

DATA,3.9504,-0.0822,25735,3.8682

DATA,3.7536,-0.0206,25760,3.7330

DATA,3.8184,-0.0571,25784,3.7613

DATA,3.9665,-0.0422,25809,3.9243

DATA,3.9170,-0.0769,25833,3.8401

DATA,3.8260,-0.1383,25870,3.6878

DATA,3.8645,-0.0782,25895,3.7863

DATA,3.9102,-0.0886,25919,3.8216
DATA,3.8290,-0.0667,25944,3.7623

DATA,3.8324,-0.0991,25968,3.7333

DATA,3.9453,0.0633,25993,4.0085

DATA,3.8533,-0.0413,26017,3.8120

DATA,3.8229,-0.1341,26042,3.6889

DATA,3.8360,0.0309,26066,3.8670

DATA,3.9233,-0.1387,26091,3.7845

DATA,3.7999,-0.1333,26115,3.6666

DATA,3.8670,-0.0363,26140,3.8307

DATA,3.8932,0.0041,26164,3.8973

DATA,3.9048,0.0446,26201,3.9493

DATA,3.9478,-0.1217,26226,3.8261

DATA,3.8466,-0.0882,26250,3.7584

DATA,3.8348,-0.1353,26275,3.6995

DATA,3.8693,-0.0245,26299,3.8448

DATA,3.9023,0.0225,26324,3.9248

DATA,3.9128,-0.0961,26348,3.8167

DATA,3.8500,-0.0261,26373,3.8239
DATA,3.9075,-0.1048,26397,3.8027

DATA,3.8031,0.0437,26422,3.8468

DATA,3.8875,-0.1854,26447,3.7022

DATA,3.9322,0.0373,26471,3.9694

DATA,3.9424,-0.0024,26496,3.9400

DATA,3.8942,-0.1344,26520,3.7598

DATA,3.8679,0.0363,26557,3.9042

DATA,3.8955,-0.0035,26581,3.8920

DATA,3.8771,0.0087,26606,3.8858

DATA,3.9205,-0.0459,26631,3.8745

DATA,3.9427,-0.0955,26655,3.8472

DATA,3.8726,-0.0583,26680,3.8143

DATA,3.9179,-0.0970,26704,3.8209

DATA,3.9640,-0.0308,26729,3.9332

DATA,3.8690,-0.1004,26753,3.7687

DATA,3.9462,-0.0456,26778,3.9005

DATA,3.8445,-0.1183,26802,3.7263

DATA,3.9421,0.0083,26827,3.9504

DATA,3.7803,-0.0272,26851,3.7531

DATA,3.8953,0.0775,26888,3.9729

DATA,3.8866,0.0098,26913,3.8964

DATA,3.8845,-0.0210,26937,3.8635

DATA,3.9085,-0.1326,26962,3.7759

DATA,3.9645,-0.0840,26986,3.8805

DATA,3.8507,-0.0202,27011,3.8305

DATA,3.9716,-0.0935,27035,3.8782

DATA,3.9953,-0.0779,27060,3.9173

DATA,3.9093,-0.0149,27084,3.8944

DATA,3.8997,0.0260,27109,3.9257

DATA,3.8539,-0.0451,27133,3.8089

DATA,3.9371,-0.0475,27158,3.8896

DATA,3.8882,-0.0064,27182,3.8818
DATA,3.8781,-0.0670,27207,3.8111

DATA,3.8803,-0.0784,27244,3.8019

DATA,3.8335,0.0324,27268,3.8659

DATA,3.9662,-0.0233,27293,3.9429

DATA,3.9355,0.0339,27317,3.9694

DATA,4.0038,0.0393,27342,4.0431

DATA,3.9446,0.0438,27366,3.9884

DATA,3.8980,-0.0843,27391,3.8137

DATA,3.8820,0.0321,27415,3.9141

DATA,3.9508,-0.0541,27440,3.8967

DATA,3.8759,-0.1317,27465,3.7442

DATA,3.8978,0.0412,27489,3.9390

DATA,3.8871,0.0356,27514,3.9227

DATA,3.8868,-0.0544,27538,3.8325

DATA,3.9913,-0.1098,27575,3.8815

DATA,3.9317,-0.0151,27599,3.9166

DATA,4.0154,-0.0838,27624,3.9315

DATA,3.9044,-0.0574,27648,3.8470

DATA,3.9374,-0.0392,27673,3.8982

DATA,3.9811,0.0574,27698,4.0385

DATA,3.9000,-0.1542,27722,3.7458

DATA,3.9938,0.0026,27747,3.9964

DATA,3.7787,-0.1127,27771,3.6660

DATA,3.8745,-0.0937,27796,3.7808

DATA,3.8382,0.0833,27820,3.9215

DATA,3.8622,-0.0292,27845,3.8330

DATA,4.0089,0.0286,27869,4.0374

DATA,3.9511,-0.0026,27906,3.9485

DATA,3.7986,-0.0839,27931,3.7146

DATA,3.8809,0.0702,27955,3.9511

DATA,3.9639,0.1439,27980,4.1078

DATA,3.9052,-0.0751,28004,3.8301

DATA,3.9382,-0.0262,28029,3.9120

DATA,3.8900,-0.0366,28053,3.8534

DATA,3.9187,-0.0215,28078,3.8972

DATA,3.9168,-0.1173,28102,3.7995

DATA,3.8437,-0.0457,28127,3.7980

DATA,3.8763,-0.0589,28151,3.8173

DATA,4.0093,0.0043,28176,4.0136

DATA,3.9151,-0.1634,28200,3.7517

DATA,3.9694,0.0991,28225,4.0686

DATA,3.9001,0.0153,28262,3.9154

DATA,3.9550,0.0079,28286,3.9630

DATA,3.9624,0.0344,28311,3.9967

DATA,3.9350,-0.0396,28335,3.8954

DATA,3.9633,-0.1060,28360,3.8573

DATA,3.9030,-0.0224,28384,3.8806

DATA,4.0399,-0.0684,28409,3.9715

DATA,3.9852,-0.0765,28433,3.9086

DATA,4.0507,-0.0181,28458,4.0326

DATA,3.9157,0.0626,28482,3.9784

DATA,3.8838,-0.0688,28507,3.8150

DATA,3.9273,0.0399,28532,3.9672

DATA,4.0012,-0.0525,28556,3.9486

DATA,3.9611,-0.0762,28593,3.8849

DATA,3.9601,-0.0067,28617,3.9534

DATA,3.9509,-0.0228,28642,3.9280

DATA,4.0089,-0.0370,28666,3.9719

DATA,3.9128,-0.0119,28691,3.9008

DATA,3.8153,0.0874,28715,3.9027

DATA,3.9926,-0.0455,28740,3.9470

DATA,3.9269,0.0368,28765,3.9637

DATA,4.0320,0.0013,28789,4.0333

DATA,3.9552,-0.1158,28814,3.8393

DATA,3.9186,-0.1296,28838,3.7890

DATA,3.9495,-0.0131,28863,3.9364
DATA,3.9224,-0.0164,28887,3.9061

DATA,3.9469,-0.1045,28924,3.8424

DATA,3.9218,0.0365,28949,3.9583

DATA,3.8901,-0.0154,28973,3.8747

DATA,3.9922,0.0471,28998,4.0393
DATA,3.8875,-0.0412,29022,3.8464

DATA,3.9737,-0.0731,29047,3.9006

DATA,3.9902,0.1027,29071,4.0929

DATA,3.9832,-0.2109,29096,3.7722

DATA,3.8585,-0.1105,29120,3.7480

DATA,3.9342,0.0159,29145,3.9502

DATA,3.9183,-0.1044,29169,3.8139

DATA,3.8872,-0.0003,29194,3.8868

DATA,3.8710,-0.0891,29218,3.7819

DATA,3.9225,0.0456,29243,3.9681

DATA,3.9516,-0.0599,29280,3.8917

DATA,3.9789,-0.0025,29304,3.9764

DATA,3.8947,-0.1536,29329,3.7411

DATA,3.8885,0.0136,29353,3.9022

DATA,3.8820,-0.0424,29378,3.8395

DATA,3.9178,-0.0031,29402,3.9148

DATA,3.8023,-0.0027,29427,3.7995

DATA,3.8635,-0.0657,29451,3.7977

DATA,3.9154,-0.0314,29476,3.8840

DATA,3.8172,0.0185,29500,3.8358

DATA,3.9635,-0.0261,29525,3.9375

DATA,3.9338,-0.0402,29549,3.8936

DATA,3.8799,0.0388,29574,3.9188

DATA,3.9756,-0.0758,29611,3.8997

DATA,3.9479,-0.0965,29635,3.8514

DATA,3.9950,-0.0387,29660,3.9563

DATA,3.9914,-0.0295,29684,3.9619

DATA,3.8509,-0.0552,29709,3.7957

DATA,3.8730,0.0249,29733,3.8979

DATA,3.9222,0.0102,29758,3.9324

DATA,3.9156,-0.1097,29783,3.8059

DATA,3.8654,-0.0494,29807,3.8160

DATA,3.9412,0.0181,29832,3.9592

DATA,3.9796,0.0436,29856,4.0232
DATA,3.9426,-0.0916,29881,3.8510

DATA,3.9230,-0.0622,29905,3.8609

DATA,3.8848,-0.0311,29930,3.8537

DATA,4.0243,-0.1117,29966,3.9126

DATA,3.9564,0.0584,29991,4.0149

DATA,3.9566,0.0104,30016,3.9670

DATA,3.9660,-0.0438,30040,3.9222

DATA,4.0170,-0.1046,30065,3.9123

DATA,3.9418,0.1062,30089,4.0480

DATA,4.0026,-0.0739,30114,3.9287

DATA,3.9505,-0.0638,30138,3.8866

DATA,4.0115,-0.0711,30163,3.9405

DATA,3.9827,-0.0468,30187,3.9358

DATA,3.9410,-0.0214,30212,3.9196
DATA,3.9747,0.0262,30236,4.0009

DATA,3.9816,0.1023,30261,4.0839

DATA,3.9897,0.0737,30298,4.0635

DATA,3.9998,-0.1047,30322,3.8951

DATA,3.9806,0.0115,30347,3.9920

DATA,3.9459,0.0110,30371,3.9569

DATA,4.0476,0.0167,30396,4.0643

DATA,4.0189,0.0218,30420,4.0407

DATA,3.9869,0.0348,30445,4.0218

DATA,4.0612,-0.0922,30469,3.9690

DATA,3.9309,-0.0175,30494,3.9134

DATA,3.9721,-0.0734,30518,3.8987

DATA,3.9289,0.0525,30543,3.9814

DATA,3.9863,-0.0719,30568,3.9144

DATA,4.0654,-0.0219,30592,4.0435

DATA,3.9083,-0.0606,30617,3.8477

DATA,3.9319,-0.0385,30653,3.8934

DATA,4.0161,-0.0762,30678,3.9400

DATA,4.0282,0.0785,30702,4.1067

DATA,3.9532,-0.0673,30727,3.8859

DATA,3.9949,0.0505,30751,4.0454

DATA,3.9504,-0.0312,30776,3.9192

DATA,3.9122,0.0259,30801,3.9381

DATA,3.9749,-0.1340,30825,3.8409

DATA,3.9627,-0.0788,30850,3.8839

DATA,3.9224,-0.0263,30874,3.8962

DATA,3.8717,-0.1425,30899,3.7292

DATA,3.8790,-0.0765,30923,3.8025

DATA,3.9338,0.1094,30948,4.0431

DATA,3.8593,-0.0239,30985,3.8354

DATA,3.9920,-0.0158,31009,3.9762

DATA,3.9325,-0.0295,31034,3.9030

DATA,3.9887,-0.0914,31058,3.8974

DATA,3.9821,-0.1561,31083,3.8261

DATA,3.8905,0.0755,31107,3.9660

DATA,3.9153,0.0075,31132,3.9228

DATA,3.8879,-0.0602,31156,3.8277

DATA,3.9237,0.0895,31181,4.0132

DATA,3.9214,-0.0728,31205,3.8486

DATA,3.9405,-0.0913,31230,3.8491

DATA,3.9356,0.0081,31254,3.9437

DATA,3.9599,0.0594,31279,4.0192

DATA,3.9248,-0.0505,31316,3.8744

DATA,3.9258,-0.0739,31340,3.8519

DATA,3.9488,0.0076,31365,3.9565
DATA,3.9841,-0.1282,31389,3.8559

DATA,3.9307,0.0301,31414,3.9608

DATA,3.9263,-0.0557,31438,3.8706

DATA,3.9149,-0.0871,31463,3.8278

DATA,3.8636,0.0246,31487,3.8882

DATA,3.9276,-0.0781,31512,3.8495

DATA,3.9940,-0.1165,31536,3.8776

DATA,3.9647,0.0017,31561,3.9664

DATA,3.9941,-0.0781,31585,3.9160

DATA,3.8925,-0.0032,31610,3.8892

DATA,3.9256,-0.0344,31635,3.8912

DATA,3.9005,-0.0738,31671,3.8267

DATA,3.9770,-0.0416,31696,3.9354

DATA,3.9650,-0.1730,31720,3.7920

DATA,3.9976,-0.0913,31745,3.9064

DATA,4.0133,-0.0236,31769,3.9897
DATA,3.9465,0.1009,31794,4.0475

DATA,3.9282,0.0546,31818,3.9829

DATA,3.9737,-0.1255,31843,3.8482

DATA,3.9868,-0.1482,31868,3.8386

DATA,3.9244,0.0031,31892,3.9274

DATA,3.9649,-0.0029,31917,3.9620

DATA,3.9233,0.0495,31941,3.9728

DATA,3.9906,-0.0188,31966,3.9717

DATA,3.9774,-0.1151,32002,3.8623

DATA,3.8867,-0.0693,32027,3.8175

DATA,3.7989,-0.0023,32052,3.7966

DATA,3.9046,-0.0698,32076,3.8348

DATA,3.8834,0.0778,32101,3.9613

DATA,3.9461,-0.0182,32125,3.9279

DATA,3.9980,0.0572,32150,4.0552

DATA,3.9599,0.0547,32174,4.0145

DATA,3.9385,-0.0902,32199,3.8483

DATA,4.0455,0.0000,32223,4.0455

DATA,4.0244,-0.0033,32248,4.0211
DATA,4.0204,0.0652,32272,4.0857

DATA,4.0118,-0.1748,32297,3.8370

DATA,4.1069,-0.1638,32334,3.9430

DATA,3.9984,-0.1225,32358,3.8758

DATA,4.0132,0.0695,32383,4.0827

DATA,3.9149,0.0656,32407,3.9805

DATA,3.9761,-0.0832,32432,3.8929

DATA,3.9878,-0.0522,32456,3.9356

DATA,4.0432,0.0156,32481,4.0588

DATA,3.9931,-0.0113,32505,3.9818

DATA,3.8795,-0.1612,32530,3.7183

DATA,4.0137,-0.0943,32554,3.9195

DATA,3.8600,-0.0979,32579,3.7621

DATA,3.8700,0.0057,32603,3.8757

DATA,4.0089,-0.0627,32628,3.9462

DATA,3.8863,0.0195,32652,3.9058

DATA,3.9050,-0.0239,32689,3.8811

DATA,3.9302,0.0433,32714,3.9736
DATA,4.0066,0.0025,32738,4.0091

DATA,4.0444,0.0612,32763,4.1057

DATA,4.0307,-0.0252,32787,4.0056

DATA,3.9399,-0.1018,32812,3.8381

DATA,3.8647,-0.0971,32836,3.7676

DATA,4.0736,0.0837,32861,4.1573

DATA,3.9986,0.0515,32886,4.0502

DATA,4.0633,0.0913,32910,4.1546

DATA,3.9907,0.0446,32935,4.0353

DATA,4.0548,0.0168,32959,4.0716

DATA,3.9733,0.0202,32984,3.9935

DATA,4.1382,0.0798,33020,4.2179

DATA,3.9744,-0.0148,33045,3.9596

DATA,4.0023,-0.0362,33069,3.9661

DATA,4.1043,-0.0987,33094,4.0056

DATA,4.0452,-0.1093,33119,3.9360

DATA,3.9944,-0.0700,33143,3.9244

DATA,4.0417,-0.0992,33168,3.9425

DATA,4.0237,-0.0717,33192,3.9520

DATA,4.0582,-0.1521,33217,3.9061

DATA,4.0086,-0.0286,33241,3.9801

DATA,3.9897,-0.0663,33266,3.9234

DATA,3.9936,0.0039,33290,3.9975

DATA,3.9784,-0.0099,33315,3.9684

DATA,4.0348,-0.0293,33339,4.0055

DATA,3.9918,0.0182,33376,4.0099

DATA,3.9915,-0.2127,33401,3.7788

DATA,3.9344,-0.0620,33425,3.8724

DATA,3.9588,-0.1105,33450,3.8482

DATA,4.0454,0.0375,33474,4.0829

DATA,4.0454,-0.2017,33499,3.8437

DATA,4.0998,-0.0766,33523,4.0232

DATA,4.0151,0.0054,33548,4.0206

DATA,3.9896,0.0197,33572,4.0093

DATA,3.9741,0.0092,33597,3.9833

DATA,4.0310,-0.0392,33621,3.9918

DATA,3.9808,-0.0521,33646,3.9287

DATA,4.0311,-0.0363,33670,3.9948

DATA,4.0406,-0.0198,33707,4.0208

DATA,4.0433,-0.0923,33732,3.9510

DATA,4.1074,-0.0777,33756,4.0297

DATA,4.0863,-0.0221,33781,4.0642

DATA,3.9529,0.0283,33805,3.9813

DATA,3.9723,-0.0806,33830,3.8916

DATA,3.9225,-0.0480,33854,3.8745

DATA,3.9136,-0.0398,33879,3.8737

DATA,3.9635,-0.0519,33903,3.9115

DATA,3.9419,-0.1083,33928,3.8336

DATA,3.9704,0.0104,33953,3.9808

DATA,3.9722,-0.1043,33977,3.8679

DATA,3.9658,-0.0339,34002,3.9319

DATA,4.0415,0.0544,34038,4.0959

DATA,3.9922,-0.1368,34063,3.8553

DATA,3.8668,-0.1287,34087,3.7381

DATA,4.0172,-0.1071,34112,3.9102

DATA,3.9943,0.0033,34137,3.9976

DATA,3.9638,-0.1162,34161,3.8476

DATA,4.0593,-0.0667,34186,3.9926

DATA,3.9899,-0.0179,34210,3.9720

DATA,3.9667,-0.1151,34235,3.8516

DATA,3.9678,0.0091,34259,3.9769

DATA,4.0473,-0.0539,34284,3.9934

DATA,4.0640,-0.1469,34308,3.9170

DATA,4.0103,-0.1068,34333,3.9034

DATA,3.8983,0.0063,34357,3.9046

DATA,4.0132,-0.0168,34394,3.9963

DATA,3.9358,-0.0799,34419,3.8559

DATA,3.9721,0.0326,34443,4.0047

DATA,3.9908,-0.0278,34468,3.9630

DATA,3.9991,-0.1028,34492,3.8963

DATA,4.0944,-0.0937,34517,4.0007

DATA,3.9667,0.0036,34541,3.9704

DATA,3.9989,0.1180,34566,4.1169

DATA,4.0419,-0.0688,34590,3.9730

DATA,3.9853,-0.1035,34615,3.8817

DATA,3.9229,-0.0509,34639,3.8720

DATA,3.9460,-0.0376,34664,3.9084

DATA,4.0276,0.0129,34688,4.0405

DATA,4.0518,0.0077,34713,4.0595

DATA,3.9986,-0.0400,34750,3.9586

DATA,4.0175,-0.0975,34774,3.9200

DATA,3.9951,-0.0669,34799,3.9281

DATA,3.9797,-0.0664,34823,3.9133

DATA,4.0213,-0.1061,34848,3.9152

DATA,4.0176,0.0179,34872,4.0355

DATA,4.0445,-0.0524,34897,3.9921

DATA,4.0711,-0.0448,34921,4.0262

DATA,4.0077,0.0005,34946,4.0082

DATA,3.9090,-0.1107,34971,3.7982

DATA,4.0186,-0.0129,34995,4.0056

DATA,4.0700,0.0694,35020,4.1394

DATA,4.0116,0.0212,35044,4.0328

DATA,3.9492,0.0559,35081,4.0051

DATA,4.0381,-0.0537,35105,3.9844

DATA,3.9371,0.0670,35130,4.0041

DATA,4.0221,0.0177,35155,4.0399

DATA,4.0339,0.0307,35179,4.0645

DATA,4.1314,-0.1496,35204,3.9818

DATA,3.9790,-0.1062,35228,3.8728

DATA,4.1317,-0.0443,35253,4.0873

DATA,4.0738,0.0566,35277,4.1304

DATA,4.0802,0.0153,35302,4.0955

DATA,3.9982,-0.0359,35326,3.9623

DATA,4.0494,-0.1559,35351,3.8935

DATA,4.0498,-0.0057,35375,4.0441

DATA,4.0049,-0.0756,35400,3.9293

DATA,4.0149,-0.0610,35437,3.9539

DATA,3.9352,0.0007,35461,3.9360

DATA,3.9525,0.0527,35486,4.0051

DATA,4.0384,0.0166,35510,4.0550

DATA,4.0461,-0.0246,35535,4.0214

DATA,4.0109,-0.0485,35559,3.9624

DATA,4.0834,-0.0847,35584,3.9987

DATA,3.9677,-0.1085,35608,3.8592

DATA,4.1045,-0.0585,35633,4.0460

DATA,4.0331,-0.0123,35657,4.0208

DATA,3.9983,-0.0228,35682,3.9755

DATA,4.1247,0.0533,35706,4.1780

DATA,4.0838,-0.0995,35731,3.9843

DATA,4.1328,0.0209,35768,4.1537

DATA,4.0299,0.0051,35792,4.0350

DATA,4.0187,-0.1451,35817,3.8737

DATA,4.1166,0.0476,35841,4.1642

DATA,4.0228,0.0583,35866,4.0811

DATA,4.0212,0.0153,35890,4.0365

DATA,4.0390,-0.0285,35915,4.0105

DATA,3.9875,-0.0207,35939,3.9667

DATA,4.0914,-0.1529,35964,3.9385

DATA,4.0800,0.0357,35989,4.1157

DATA,4.0458,-0.1193,36013,3.9265

DATA,4.0511,-0.0136,36038,4.0375

DATA,4.0210,-0.0666,36062,3.9544

DATA,3.9701,0.0559,36087,4.0260

DATA,4.0366,0.0093,36123,4.0458

DATA,4.0795,-0.0094,36148,4.0701

DATA,3.9323,-0.0117,36172,3.9205

DATA,4.0712,0.0827,36197,4.1540

DATA,3.9984,-0.0665,36222,3.9319

DATA,4.0199,0.0383,36246,4.0582

DATA,3.9557,-0.1025,36271,3.8532

DATA,4.1125,-0.0417,36295,4.0708

DATA,4.1412,-0.0414,36320,4.0998

DATA,4.1162,0.0165,36344,4.1327

DATA,3.9546,-0.0128,36369,3.9417

DATA,4.0846,-0.0028,36393,4.0819

DATA,4.0971,-0.0088,36418,4.0883

DATA,4.0566,0.0053,36455,4.0619

DATA,4.0146,0.0487,36479,4.0633

DATA,4.0628,-0.0909,36504,3.9718

DATA,4.0785,-0.0165,36528,4.0620

DATA,3.9745,-0.0570,36553,3.9175

DATA,3.9324,-0.0155,36577,3.9170

DATA,4.0436,-0.0827,36602,3.9609

DATA,4.0559,-0.0532,36626,4.0027

DATA,3.9582,0.0002,36651,3.9584

DATA,4.0186,-0.0471,36675,3.9715

DATA,4.0841,-0.0977,36700,3.9863

DATA,4.1638,0.0051,36724,4.1689

DATA,4.0342,0.1102,36749,4.1444

DATA,4.1743,-0.0421,36773,4.1322

DATA,4.0892,-0.0582,36810,4.0310

DATA,4.0144,-0.0616,36835,3.9528

DATA,4.0390,-0.0635,36859,3.9756

DATA,4.1485,-0.0167,36884,4.1318

DATA,4.0866,-0.0359,36908,4.0507

DATA,4.0187,-0.1192,36933,3.8994

DATA,4.0200,0.0308,36957,4.0508

DATA,4.1445,-0.0038,36982,4.1407

DATA,4.0656,-0.0003,37007,4.0653

DATA,4.0356,0.0214,37031,4.0570

DATA,4.0304,-0.0107,37056,4.0197

DATA,4.0592,0.0547,37080,4.1139

DATA,4.0839,-0.0036,37105,4.0803

DATA,4.0138,0.0048,37141,4.0187

DATA,4.1382,-0.0567,37166,4.0815

DATA,4.0578,0.0191,37191,4.0769

DATA,4.0115,-0.1264,37215,3.8851

DATA,4.0842,-0.0679,37240,4.0162

DATA,4.0293,0.0205,37264,4.0498

DATA,4.0354,-0.1231,37289,3.9123

DATA,4.0396,-0.0286,37313,4.0110

DATA,4.0205,-0.0161,37338,4.0045

DATA,4.0678,-0.0809,37362,3.9869

DATA,4.0507,-0.0554,37387,3.9953

DATA,4.0585,-0.1054,37411,3.9531

DATA,4.0420,-0.1592,37436,3.8828

DATA,4.1466,-0.0283,37460,4.1183

DATA,4.0176,-0.0149,37497,4.0026

DATA,3.9819,-0.0438,37522,3.9381

DATA,3.9952,0.0899,37546,4.0851

DATA,4.1005,0.0628,37571,4.1633

DATA,4.0925,0.0814,37595,4.1738

DATA,4.0753,-0.1148,37620,3.9605

DATA,4.0634,-0.1124,37644,3.9510

DATA,4.0016,0.0009,37669,4.0025

DATA,3.9860,0.0181,37693,4.0041

DATA,4.0647,-0.1411,37718,3.9236

DATA,3.9719,-0.0314,37742,3.9405

DATA,4.0337,-0.0459,37767,3.9878

DATA,4.0457,-0.0549,37792,3.9908

DATA,4.0058,-0.0025,37828,4.0033

DATA,4.0139,-0.0851,37853,3.9288

DATA,4.0734,-0.0666,37877,4.0067

DATA,4.1529,-0.0686,37902,4.0843

DATA,4.1060,-0.1043,37926,4.0017

DATA,3.9631,-0.0536,37951,3.9095

DATA,4.0231,0.0005,37975,4.0236

DATA,4.0357,-0.0939,38000,3.9418

DATA,4.0227,-0.0657,38025,3.9570

DATA,4.0825,0.0677,38049,4.1502

DATA,4.0678,-0.1263,38074,3.9415

DATA,4.1645,-0.0700,38098,4.0945

DATA,4.0491,-0.0588,38123,3.9902

DATA,4.1021,-0.1069,38147,3.9953

DATA,4.0651,-0.0935,38184,3.9717

DATA,4.0104,-0.1009,38209,3.9095

DATA,3.9500,-0.0255,38233,3.9245

DATA,4.1211,-0.0604,38258,4.0608

DATA,3.9816,-0.0931,38282,3.8885

DATA,4.0463,-0.0420,38307,4.0043

DATA,4.0929,-0.1256,38331,3.9673

DATA,4.1643,-0.1141,38356,4.0503

DATA,4.2086,0.0391,38380,4.2477

DATA,4.0664,-0.0708,38405,3.9956

DATA,3.9691,-0.0215,38429,3.9476

DATA,4.1174,0.0526,38454,4.1700

DATA,4.0749,0.0021,38478,4.0770

DATA,4.0019,-0.0901,38503,3.9119

DATA,3.9851,-0.0687,38540,3.9164

DATA,3.9430,-0.1281,38564,3.8150

DATA,3.9642,-0.0645,38589,3.8997

DATA,3.9336,-0.0526,38613,3.8810

DATA,4.1837,-0.1845,38638,3.9992

DATA,4.1542,0.0205,38662,4.1747

DATA,4.0329,-0.0326,38687,4.0002

DATA,4.1441,-0.1107,38711,4.0334

DATA,4.0448,-0.0569,38736,3.9879

DATA,4.0725,-0.0758,38760,3.9967

DATA,4.0268,0.0126,38785,4.0394

DATA,4.0293,0.0589,38810,4.0882

DATA,4.0743,-0.0902,38834,3.9841

DATA,4.2558,-0.1697,38871,4.0861

DATA,4.0547,-0.0884,38895,3.9663

DATA,4.1715,0.0263,38920,4.1978

DATA,4.0303,-0.0418,38944,3.9885

DATA,4.0787,0.0635,38969,4.1422

DATA,4.0532,0.0352,38994,4.0884

DATA,4.2101,-0.0365,39018,4.1735

DATA,4.0465,0.0037,39043,4.0502

DATA,4.0713,-0.0341,39067,4.0373

DATA,4.2380,-0.0340,39092,4.2040

DATA,4.0823,-0.1022,39116,3.9801

DATA,4.0851,-0.0408,39141,4.0443

DATA,4.0039,-0.0987,39165,3.9052

DATA,4.0463,-0.0017,39190,4.0446

DATA,4.0464,-0.0520,39227,3.9944

DATA,4.0742,-0.0188,39251,4.0554

DATA,4.0774,-0.0048,39276,4.0726

DATA,4.0945,0.0572,39300,4.1517

DATA,4.0933,-0.0137,39325,4.0797

DATA,4.1540,0.0479,39349,4.2020

DATA,4.1838,-0.1104,39374,4.0734

DATA,4.0799,-0.0939,39398,3.9860

DATA,4.1093,-0.0314,39423,4.0780

DATA,4.0660,-0.0824,39447,3.9836

DATA,4.1308,-0.1671,39472,3.9637

DATA,3.9779,-0.0508,39496,3.9271

DATA,3.9738,-0.0486,39521,3.9252

DATA,4.0224,-0.0165,39558,4.0059

DATA,4.0491,0.0145,39582,4.0635

DATA,4.0912,-0.0432,39607,4.0481

DATA,4.0197,-0.1396,39631,3.8801

DATA,4.0476,0.0159,39656,4.0636

DATA,4.0884,0.0468,39680,4.1352

DATA,4.0895,0.0438,39705,4.1333

DATA,4.1313,0.0021,39729,4.1334

DATA,4.0748,0.0593,39754,4.1341

DATA,4.0617,0.0678,39778,4.1295

DATA,4.0862,0.0345,39803,4.1207

DATA,4.1287,0.0204,39828,4.1491

DATA,4.1096,0.0054,39852,4.1151

DATA,4.1048,0.0625,39877,4.1672

DATA,4.1265,0.0860,39913,4.2125

DATA,4.0904,0.0444,39938,4.1347

DATA,4.0690,-0.0974,39962,3.9717

