DATA,3.3882,0.3255,603623,3.7136

DATA,3.2804,0.1091,603659,3.3895

DATA,3.3024,0.0740,603684,3.3764

DATA,3.4100,0.1196,603708,3.5296

DATA,3.3624,0.0493,603733,3.4117

DATA,3.3129,0.1739,603758,3.4869

DATA,3.3551,0.0577,603782,3.4128

DATA,3.3393,0.1994,603807,3.5387

DATA,3.4492,0.1789,603831,3.6282

DATA,3.3170,0.3046,603856,3.6216

DATA,3.3384,0.2403,603880,3.5787

DATA,3.3258,0.1471,603905,3.4729

DATA,3.4438,0.2112,603929,3.6550

DATA,3.3817,0.1712,603954,3.5529

DATA,3.3266,0.2289,603991,3.5555

DATA,3.3445,0.1747,604015,3.5193

DATA,3.3507,0.0625,604040,3.4132

DATA,3.3051,0.1722,604065,3.4772

DATA,3.3798,0.2355,604089,3.6153

DATA,3.3459,0.2012,604114,3.5470

DATA,3.3625,0.0990,604138,3.4615

DATA,3.4374,0.1614,604163,3.5988

DATA,3.3705,0.1465,604187,3.5170

DATA,3.4077,0.1581,604212,3.5657

DATA,3.3310,0.1257,604236,3.4567

DATA,3.4563,0.1959,604261,3.6523

DATA,3.3693,0.2363,604285,3.6056

DATA,3.3608,0.1500,604310,3.5108

DATA,3.3928,0.1555,604347,3.5483

DATA,3.3035,0.1407,604371,3.4442

DATA,3.3179,0.1416,604396,3.4595

DATA,3.3442,0.1924,604421,3.5366

DATA,3.3718,0.2017,604445,3.5735

DATA,3.3509,0.2918,604470,3.6428

DATA,3.3564,0.1375,604494,3.4939

DATA,3.3455,0.1257,604519,3.4712

DATA,3.3444,0.1768,604543,3.5212

DATA,3.4719,0.1509,604568,3.6229

DATA,3.4805,0.2118,604592,3.6923

DATA,3.4650,0.0920,604617,3.5570

DATA,3.4055,0.1170,604642,3.5225

DATA,3.2969,0.1148,604678,3.4117

DATA,3.3767,0.2687,604703,3.6454

DATA,3.3655,0.1883,604727,3.5538

DATA,3.4610,0.2806,604752,3.7416

DATA,3.4211,0.2358,604777,3.6570

DATA,3.3523,0.1761,604801,3.5284

DATA,3.3975,0.1266,604826,3.5241

DATA,3.3952,0.0420,604850,3.4372

DATA,3.3320,0.2499,604875,3.5820

DATA,3.4701,0.2396,604899,3.7097

DATA,3.4298,0.1389,604924,3.5687

DATA,3.4822,0.1520,604948,3.6342

DATA,3.3114,0.1679,604973,3.4794

DATA,3.4226,0.2376,604998,3.6602

DATA,3.3080,0.1288,605034,3.4368

DATA,3.3650,0.1763,605059,3.5413

DATA,3.4390,0.2477,605084,3.6867

DATA,3.4225,0.1813,605108,3.6038

DATA,3.5074,0.2066,605133,3.7140

DATA,3.6853,0.4182,605157,4.1034

DATA,-5.2444,-0.4972,605182,-5.7415

DATA,-0.3980,0.1291,605206,-0.2690

DATA,1.0216,0.2754,605231,1.2971

DATA,0.9519,0.1846,605255,1.1365

DATA,0.7162,0.3264,605280,1.0426

DATA,0.3372,0.1752,605305,0.5123

DATA,0.0664,0.0888,605329,0.1551

DATA,0.6761,0.2625,605366,0.9386

DATA,0.4421,0.1827,605390,0.6248

DATA,0.5544,0.0352,605415,0.5896

DATA,0.5342,0.2288,605440,0.7630

DATA,0.5133,0.1496,605464,0.6629

DATA,1.0901,0.0234,605489,1.1136

DATA,1.4560,0.1125,605513,1.5686

DATA,1.2873,0.3362,605538,1.6235

DATA,1.4585,0.1184,605562,1.5769

DATA,1.4140,0.1342,605587,1.5482

DATA,1.3439,0.0424,605611,1.3863

DATA,1.2725,0.1481,605636,1.4206

DATA,1.3121,0.1472,605661,1.4593

DATA,1.4491,0.2373,605685,1.6864

DATA,1.4844,0.0897,605722,1.5741

DATA,1.4041,0.0714,605747,1.4755

DATA,1.6964,0.1482,605771,1.8446

DATA,1.7463,0.0935,605796,1.8398

DATA,2.0861,0.2894,605820,2.3755

DATA,1.5058,0.1053,605845,1.6111

DATA,1.6612,0.1409,605869,1.8021

DATA,1.6881,0.1538,605894,1.8419

DATA,3.0087,0.1939,605918,3.2026

DATA,6.1161,0.1702,605943,6.2863

DATA,11.5009,0.2254,605968,11.7263

DATA,16.9469,0.0823,605992,17.0292

DATA,21.4424,0.1015,606017,21.5439

DATA,24.3773,0.1683,606041,24.5456

DATA,27.0715,0.2239,606078,27.2954

DATA,27.5995,0.0989,606103,27.6984

DATA,27.9562,0.2546,606127,28.2108

DATA,29.0249,0.2714,606152,29.2963

DATA,31.5164,0.2284,606176,31.7448

DATA,31.3458,0.1384,606201,31.4842

DATA,30.0965,0.1819,606225,30.2784

DATA,26.6558,0.2114,606250,26.8671

DATA,21.8763,0.2248,606275,22.1012

DATA,17.7286,0.1702,606299,17.8988

DATA,17.1260,0.1648,606324,17.2908

DATA,18.1477,0.1148,606348,18.2625

DATA,18.4341,0.2037,606373,18.6378

DATA,18.3765,0.2042,606410,18.5807

DATA,16.7441,0.1126,606434,16.8567

DATA,14.4709,0.2242,606459,14.6951

DATA,9.5673,0.2236,606483,9.7909

DATA,5.6366,0.1213,606508,5.7578

DATA,5.0746,0.2103,606532,5.2848

DATA,4.7589,0.2564,606557,5.0153

DATA,4.5206,0.1320,606581,4.6526

DATA,4.4250,0.1152,606606,4.5402

DATA,4.3173,0.0587,606631,4.3760

DATA,4.1710,0.2111,606655,4.3821

DATA,3.9215,0.1411,606680,4.0626

DATA,4.0083,0.2328,606704,4.2411

DATA,4.1652,0.1465,606729,4.3117

DATA,3.9273,0.1526,606766,4.0798

DATA,4.0106,0.1855,606790,4.1961

DATA,3.9392,0.1971,606815,4.1363

DATA,4.1405,0.2525,606839,4.3929

DATA,4.0190,0.3098,606864,4.3288

DATA,4.1309,0.2118,606888,4.3428

DATA,3.9584,0.1314,606913,4.0898

DATA,3.8972,0.0968,606938,3.9940

DATA,3.8901,0.1754,606962,4.0656

DATA,3.9159,0.1996,606987,4.1155

DATA,3.9238,0.1988,607011,4.1226

DATA,3.8856,0.2486,607036,4.1342

DATA,3.8368,0.2368,607060,4.0736

DATA,3.7187,0.0645,607097,3.7832

DATA,3.8449,0.0772,607122,3.9221

DATA,3.7477,0.2149,607146,3.9627

DATA,3.7148,0.0737,607171,3.7885

DATA,3.6751,0.1981,607195,3.8732

DATA,3.6781,0.1609,607220,3.8391

DATA,3.6600,0.1995,607244,3.8595

DATA,3.7357,0.1375,607269,3.8732

DATA,3.6853,0.1273,607294,3.8126

DATA,3.7529,0.1004,607318,3.8534

DATA,3.8126,0.1314,607343,3.9441

DATA,3.8082,0.1023,607367,3.9105

DATA,3.7380,0.1779,607392,3.9159

DATA,3.7019,0.1241,607416,3.8259

DATA,3.8163,0.1375,607453,3.9538

DATA,3.9681,0.1581,607478,4.1262

DATA,3.8066,0.0488,607502,3.8554

DATA,3.9401,0.0776,607527,4.0178

DATA,4.0257,0.1225,607551,4.1482

DATA,3.9405,0.2169,607576,4.1574

DATA,4.1509,0.0408,607601,4.1917

DATA,4.2088,0.1089,607625,4.3177

DATA,4.1539,0.2732,607650,4.4271

DATA,3.9981,0.3297,607674,4.3279

DATA,4.2398,0.1412,607699,4.3810

DATA,4.0778,0.1863,607723,4.2641

DATA,4.1623,0.2463,607748,4.4086

DATA,3.9746,0.1071,607785,4.0817

DATA,3.9835,0.1749,607809,4.1584

DATA,4.2448,0.1945,607834,4.4393

DATA,5.0094,0.3337,607858,5.3431

DATA,5.7362,0.1127,607883,5.8488

DATA,6.9857,0.1579,607907,7.1436

DATA,7.9009,0.1288,607932,8.0297

DATA,8.3402,0.2108,607957,8.5510

DATA,9.7968,0.1593,607981,9.9560

DATA,12.2310,0.2092,608006,12.4402

DATA,14.0432,0.1507,608030,14.1939

DATA,15.1579,0.1269,608055,15.2849

DATA,16.7814,0.1183,608079,16.8997

DATA,17.7584,0.2243,608104,17.9826

DATA,18.4303,0.0295,608141,18.4598

DATA,19.6579,0.0097,608165,19.6677

DATA,19.9940,0.2914,608190,20.2854

DATA,20.5779,0.1940,608214,20.7719

DATA,21.2845,0.1118,608239,21.3964

DATA,22.1912,0.2126,608264,22.4039

DATA,22.6440,0.1720,608288,22.8160

DATA,23.1438,0.1656,608313,23.3094

DATA,23.1665,0.1873,608337,23.3538

DATA,23.1132,0.2075,608362,23.3207

DATA,23.2352,0.0319,608386,23.2671

DATA,23.6170,0.1884,608411,23.8055

DATA,24.4460,0.1830,608435,24.6290

DATA,25.2637,0.1669,608472,25.4307

DATA,26.0021,0.1702,608497,26.1724

DATA,26.7791,0.1615,608521,26.9406

DATA,27.4638,0.1893,608546,27.6532

DATA,29.3383,0.1653,608570,29.5036

DATA,30.8728,0.1993,608595,31.0721

DATA,32.2644,0.2309,608620,32.4953

DATA,33.3408,0.1986,608644,33.5394

DATA,34.8958,0.1313,608669,35.0271

DATA,36.1989,0.2796,608693,36.4785

DATA,35.9647,0.1522,608718,36.1168

DATA,35.7606,0.0338,608742,35.7944

DATA,35.5724,0.1231,608767,35.6954

DATA,35.1524,0.1396,608792,35.2919

DATA,34.9923,0.0722,608828,35.0645

DATA,35.6838,0.1097,608853,35.7934

DATA,36.4481,0.1897,608877,36.6379

DATA,36.0663,0.1773,608902,36.2436

DATA,36.2401,0.1592,608927,36.3993

DATA,36.2075,0.1646,608951,36.3721

DATA,35.9804,0.1064,608976,36.0868

DATA,36.0169,0.1469,609000,36.1638

DATA,35.7886,0.1401,609025,35.9287

DATA,35.7463,0.1652,609049,35.9114

DATA,36.0060,0.1103,609074,36.1163

DATA,36.3090,0.1716,609098,36.4806

DATA,37.0145,0.1584,609123,37.1729

DATA,37.3874,0.1880,609148,37.5754

DATA,37.4073,0.2534,609184,37.6607

DATA,37.7214,0.1379,609209,37.8593

DATA,38.5496,0.1879,609234,38.7375

DATA,40.3346,0.1648,609258,40.4995

DATA,41.4584,0.0848,609283,41.5433

DATA,41.9107,0.1601,609307,42.0708

DATA,42.0265,0.1945,609332,42.2210

DATA,42.5503,0.2575,609356,42.8077

DATA,43.9852,0.1873,609381,44.1725

DATA,46.0759,0.1958,609405,46.2717

DATA,47.1901,0.1736,609430,47.3637

DATA,47.9997,0.1637,609455,48.1634

DATA,48.7735,0.2038,609479,48.9774

DATA,48.7805,0.0678,609516,48.8482

DATA,49.2117,-0.0293,609541,49.1824

DATA,49.2027,0.1413,609565,49.3440

DATA,49.0231,0.1557,609590,49.1787

DATA,48.8161,0.1715,609614,48.9876

DATA,48.8000,0.1309,609639,48.9309

DATA,48.8850,0.1802,609663,49.0652

DATA,49.2161,0.1406,609688,49.3567

DATA,48.7342,0.2868,609712,49.0210

DATA,47.9972,0.2592,609737,48.2564

DATA,48.2468,0.0911,609762,48.3378

DATA,48.4151,0.2883,609786,48.7034

DATA,48.0305,0.0453,609811,48.0758

DATA,47.8278,0.1929,609835,48.0207

DATA,47.8658,0.2486,609872,48.1145

DATA,47.7698,0.1486,609897,47.9184

DATA,47.6058,0.1881,609921,47.7938

DATA,48.0416,0.2646,609946,48.3062

DATA,47.8634,0.1743,609970,48.0377

DATA,47.5747,0.1829,609995,47.7576

DATA,47.6356,0.2266,610019,47.8623

DATA,47.5689,0.1864,610044,47.7553

DATA,47.7367,0.0625,610069,47.7992

DATA,47.9705,0.1865,610093,48.1571

DATA,48.3946,0.2125,610118,48.6071

DATA,48.5624,0.1670,610142,48.7294

DATA,48.2411,0.1355,610167,48.3766

DATA,48.0678,0.0877,610204,48.1555

DATA,48.5897,0.2067,610228,48.7965

DATA,49.3083,0.1942,610253,49.5025

DATA,49.6854,0.1718,610277,49.8572

DATA,50.0920,0.1722,610302,50.2642

DATA,50.4480,0.1421,610326,50.5901

DATA,50.5569,0.1337,610351,50.6906

DATA,51.1827,0.0983,610376,51.2809

DATA,51.3317,0.1769,610400,51.5086

DATA,52.5398,0.1377,610425,52.6776

DATA,52.8732,0.1928,610449,53.0660

DATA,52.0596,0.1264,610474,52.1860

DATA,49.2168,0.2000,610498,49.4168

DATA,39.2302,0.2847,610523,39.5150

DATA,24.6252,0.1253,610560,24.7505

DATA,15.5285,0.1577,610584,15.6861

DATA,9.8575,0.2045,610609,10.0620

DATA,6.3949,0.2645,610633,6.6593

DATA,4.0912,0.1073,610658,4.1986

DATA,3.9346,0.1668,610682,4.1015

DATA,3.7051,0.2195,610707,3.9246

DATA,3.5480,0.1262,610732,3.6742

DATA,3.4345,0.1552,610756,3.5897

DATA,3.4676,0.2089,610781,3.6765

DATA,3.5767,0.1139,610805,3.6906

DATA,3.6447,0.2090,610830,3.8537

DATA,4.1924,0.2064,610854,4.3988

DATA,4.6121,0.2238,610879,4.8358

DATA,4.4733,0.1087,610916,4.5820

DATA,4.6415,0.2072,610940,4.8487

DATA,4.9751,0.1859,610965,5.1610

DATA,6.1833,0.0721,610989,6.2553

DATA,7.1722,0.2292,611014,7.4014

DATA,9.5556,0.1086,611039,9.6642

DATA,14.1667,0.2542,611063,14.4209

DATA,19.5385,0.2236,611088,19.7621

DATA,23.3903,0.0931,611112,23.4834

DATA,26.4359,0.2304,611137,26.6663

DATA,29.8999,0.1254,611161,30.0254

DATA,32.1075,0.1621,611186,32.2696

DATA,32.7345,0.2745,611210,33.0090

DATA,32.7372,0.2546,611247,32.9918

DATA,32.7338,0.1707,611272,32.9045

DATA,34.0953,0.0898,611296,34.1851

DATA,34.8223,0.2208,611321,35.0431

DATA,35.4985,0.0516,611346,35.5501

DATA,36.5838,0.3355,611370,36.9192

DATA,36.9006,0.2094,611395,37.1100

DATA,37.1273,0.1728,611419,37.3000

DATA,37.1014,0.1527,611444,37.2541

DATA,37.1866,0.0647,611468,37.2514

DATA,37.8433,0.0737,611493,37.9170

DATA,39.5736,0.2222,611517,39.7957

DATA,40.7145,0.1636,611542,40.8782

DATA,41.6641,0.2551,611567,41.9192

DATA,42.5429,0.1075,611603,42.6503

DATA,43.7690,0.1168,611628,43.8858

DATA,45.3335,0.1690,611653,45.5025

DATA,44.9060,0.1524,611677,45.0583

DATA,44.8322,0.2425,611702,45.0747

DATA,45.6892,0.1874,611726,45.8766

DATA,46.6346,0.2582,611751,46.8928

DATA,46.8879,0.1387,611775,47.0266

DATA,46.1732,0.1973,611800,46.3705

DATA,45.7023,0.2784,611824,45.9807

DATA,45.6533,0.1897,611849,45.8429

DATA,45.3595,0.1354,611874,45.4949

DATA,44.8475,0.1517,611898,44.9992

DATA,44.7696,0.1398,611923,44.9094

DATA,45.5667,0.0297,611960,45.5963

DATA,45.8003,0.2670,611984,46.0673

DATA,45.5214,0.2078,612009,45.7292

DATA,45.0771,0.0739,612033,45.1510

DATA,45.1542,0.1174,612058,45.2716

DATA,45.6817,0.1358,612082,45.8175

DATA,47.1175,0.1896,612107,47.3071

DATA,49.0546,0.1728,612131,49.2274

DATA,50.2939,0.0181,612156,50.3120

DATA,51.8510,0.2125,612181,52.0635

DATA,53.4617,0.1873,612205,53.6491

DATA,54.9589,0.1183,612230,55.0772

DATA,55.1003,0.2178,612254,55.3181

DATA,54.9432,0.2193,612291,55.1624

DATA,54.9412,0.2888,612316,55.2300

DATA,54.9569,0.1542,612340,55.1111

DATA,54.8757,0.0635,612365,54.9392

DATA,54.9548,0.1344,612389,55.0892

DATA,54.2547,0.1505,612414,54.4052

DATA,50.6444,0.1599,612438,50.8044

DATA,37.0345,0.1488,612463,37.1833

DATA,26.6995,0.2083,612487,26.9078

DATA,20.7895,0.1386,612512,20.9281

DATA,14.3406,0.0497,612537,14.3904

DATA,8.5915,0.0361,612561,8.6276

DATA,4.1996,0.1718,612586,4.3714

DATA,3.4017,0.1451,612610,3.5468

DATA,3.4025,0.2916,612647,3.6941

DATA,3.3216,0.2087,612672,3.5303

DATA,3.2830,0.1145,612696,3.3974

DATA,3.2877,0.1595,612721,3.4472

DATA,3.4615,0.1936,612745,3.6551

DATA,3.3032,0.0654,612770,3.3686

DATA,3.1326,0.1211,612794,3.2537

DATA,3.1287,0.1159,612819,3.2447

DATA,3.0882,0.2088,612844,3.2970

DATA,3.0286,0.2506,612868,3.2792

DATA,3.2595,0.1419,612893,3.4014

DATA,3.5187,0.2476,612917,3.7662

DATA,4.4893,0.0849,612942,4.5742

DATA,5.1911,0.2933,612979,5.4844

DATA,6.6755,0.1962,613003,6.8717

DATA,10.1884,0.2369,613028,10.4253

DATA,13.1386,0.1562,613052,13.2948

DATA,16.3517,0.2827,613077,16.6344

DATA,18.4439,0.1046,613101,18.5485

DATA,20.2536,0.1933,613126,20.4469

DATA,23.3759,0.1945,613151,23.5704

DATA,28.1496,0.1668,613175,28.3164

DATA,32.9178,0.3014,613200,33.2192

DATA,34.7404,0.1621,613224,34.9024

DATA,35.6059,0.2227,613249,35.8286

DATA,36.4232,0.2445,613273,36.6676

DATA,37.5224,0.1565,613298,37.6789

DATA,38.9517,0.2055,613335,39.1573

DATA,40.3333,0.2114,613359,40.5447

DATA,42.1595,0.0705,613384,42.2300

DATA,42.8397,0.1068,613408,42.9465

DATA,42.7808,0.2303,613433,43.0110

DATA,43.1890,0.2185,613458,43.4075

DATA,43.9722,0.2009,613482,44.1731

DATA,44.3966,0.2562,613507,44.6528

DATA,44.1923,0.0645,613531,44.2569

DATA,43.8445,0.1498,613556,43.9943

DATA,43.5885,0.1674,613580,43.7559

DATA,43.5120,0.1123,613605,43.6243

DATA,43.7839,0.1631,613630,43.9470

DATA,43.8112,0.1770,613654,43.9882

DATA,44.0636,0.1127,613691,44.1763

DATA,44.7950,0.1667,613715,44.9617

DATA,45.9254,0.2417,613740,46.1671

DATA,47.5233,0.0759,613765,47.5992

DATA,48.8265,0.2175,613789,49.0440

DATA,50.4413,0.0336,613814,50.4749

DATA,51.8190,0.1242,613838,51.9431

DATA,52.1246,0.1885,613863,52.3131

DATA,52.1041,0.2191,613887,52.3232

DATA,51.8369,0.1875,613912,52.0244

DATA,51.8014,0.2425,613936,52.0438

DATA,51.8654,0.2130,613961,52.0784

DATA,51.0092,0.1072,613986,51.1164

DATA,49.4140,0.2385,614022,49.6525

DATA,46.5897,0.1475,614047,46.7373

DATA,42.6002,0.1791,614072,42.7793

DATA,35.8869,0.1891,614096,36.0760

DATA,27.3074,0.0917,614121,27.3991

DATA,17.9578,0.1658,614145,18.1235

DATA,11.1143,0.2283,614170,11.3426

DATA,5.2240,0.1937,614194,5.4177

DATA,2.9240,0.1268,614219,3.0507

DATA,3.2090,0.1052,614243,3.3142

DATA,3.2529,0.0866,614268,3.3395

DATA,3.2950,0.2598,614293,3.5548

DATA,3.3550,0.1642,614317,3.5192

DATA,3.3072,0.2707,614342,3.5779

DATA,3.6818,0.2305,614379,3.9123

DATA,3.7498,0.1578,614403,3.9076

DATA,4.0435,0.0930,614428,4.1365

DATA,4.6510,0.2273,614452,4.8784

DATA,4.4591,0.1315,614477,4.5906

DATA,4.7451,0.1387,614501,4.8839

DATA,6.2160,0.0995,614526,6.3155

DATA,6.6914,0.2194,614550,6.9108

DATA,11.6973,0.2037,614575,11.9010

DATA,17.4250,0.2400,614600,17.6650

DATA,25.3638,0.1396,614624,25.5034

DATA,34.3463,0.0462,614649,34.3925

DATA,42.6188,0.1107,614673,42.7295

DATA,47.6617,0.0207,614698,47.6824

DATA,48.6054,0.1662,614735,48.7716

DATA,49.1465,0.1535,614759,49.3000

DATA,50.9371,0.1941,614784,51.1312

DATA,53.9091,0.0587,614808,53.9679

DATA,54.8805,0.2131,614833,55.0936

DATA,55.6838,0.1362,614857,55.8200

DATA,57.2854,0.1905,614882,57.4759

DATA,58.5135,0.1298,614906,58.6433

DATA,58.2980,0.1481,614931,58.4461

DATA,57.2516,0.2083,614956,57.4599

DATA,57.1819,0.1005,614980,57.2824

DATA,57.5140,0.1759,615005,57.6900

DATA,55.7383,0.2288,615029,55.9671

DATA,51.8408,0.0887,615066,51.9295

DATA,45.6159,0.2222,615091,45.8380

DATA,34.8659,0.2168,615115,35.0827

DATA,20.6567,0.0783,615140,20.7349

DATA,6.5259,-0.0025,615164,6.5234

DATA,3.3114,0.1575,615189,3.4689

DATA,3.3057,0.1670,615213,3.4727

DATA,3.1152,0.2266,615238,3.3418

DATA,3.1684,0.2385,615263,3.4070

DATA,3.2652,0.1826,615287,3.4478

DATA,3.1863,0.1455,615312,3.3317

DATA,3.1282,0.0677,615336,3.1959

DATA,2.9969,0.1922,615361,3.1891

DATA,2.9394,0.2336,615385,3.1730

DATA,2.7277,0.0588,615422,2.7865

DATA,2.6004,0.1075,615447,2.7079

DATA,2.6187,0.1747,615471,2.7934

DATA,2.4785,0.1558,615496,2.6342

DATA,2.5163,0.1594,615520,2.6757

DATA,2.4907,0.1034,615545,2.5941

DATA,2.5526,0.2529,615570,2.8056

DATA,2.5668,0.0794,615594,2.6461

DATA,2.5426,0.1919,615619,2.7345

DATA,2.5564,-0.0152,615643,2.5413

DATA,2.5365,0.2119,615668,2.7485

DATA,2.5048,0.0356,615692,2.5404

DATA,2.5117,0.2004,615717,2.7121

DATA,2.4805,0.3377,615754,2.8182

DATA,2.5441,0.1521,615778,2.6962

DATA,2.6327,0.2176,615803,2.8503

DATA,2.4914,0.2442,615827,2.7356

DATA,2.6187,0.1480,615852,2.7667

DATA,2.5245,0.0861,615876,2.6106

DATA,2.5998,0.1015,615901,2.7013

DATA,2.6016,0.1709,615926,2.7725

DATA,2.5875,0.1635,615950,2.7509

DATA,2.6076,0.1575,615975,2.7651

DATA,2.6024,0.1930,615999,2.7954

DATA,2.7108,0.2791,616024,2.9898

DATA,2.7223,0.1826,616048,2.9049

DATA,2.5898,0.1949,616073,2.7847

DATA,2.5411,0.2248,616110,2.7660

DATA,2.6331,0.2443,616134,2.8774

DATA,2.6808,0.1587,616159,2.8395

DATA,2.6531,0.2084,616183,2.8615

DATA,2.6713,0.1088,616208,2.7802

DATA,2.6528,0.1245,616233,2.7774

DATA,2.5738,0.1791,616257,2.7529

DATA,2.7531,0.2383,616282,2.9914

DATA,2.6410,0.2005,616306,2.8415

DATA,2.6794,0.2521,616331,2.9315

DATA,2.5827,0.1185,616355,2.7012

DATA,2.6620,0.2004,616380,2.8624

DATA,2.7278,0.2859,616404,3.0137

DATA,2.7303,0.1168,616441,2.8471

DATA,2.6513,0.1033,616466,2.7546

DATA,2.7365,0.1494,616490,2.8859

DATA,2.6762,0.2141,616515,2.8903

DATA,2.6107,0.1157,616539,2.7264

DATA,2.7857,0.1209,616564,2.9066

DATA,2.7523,0.2371,616589,2.9893

DATA,2.7304,0.1679,616613,2.8983

DATA,2.6572,0.1507,616638,2.8079

DATA,2.7660,0.2611,616662,3.0271

DATA,2.9115,0.1718,616687,3.0833

DATA,2.6806,0.2026,616711,2.8832

DATA,2.7904,0.1919,616736,2.9823

DATA,2.7680,0.1391,616761,2.9070

DATA,2.7276,0.1915,616797,2.9191

DATA,2.6985,0.2491,616822,2.9476

DATA,2.7953,0.2365,616846,3.0318

DATA,2.7566,0.2145,616871,2.9711

DATA,2.7471,0.2918,616896,3.0390

DATA,2.8316,0.2737,616920,3.1053

DATA,2.8149,0.1896,616945,3.0046

DATA,2.8055,0.0875,616969,2.8930

DATA,2.7248,0.0571,616994,2.7819

DATA,2.8056,0.2638,617018,3.0695

DATA,2.8764,0.1888,617043,3.0652

DATA,2.8018,0.3031,617068,3.1049

DATA,2.8092,0.1435,617092,2.9528

DATA,2.7033,0.1122,617129,2.8155

DATA,2.8820,0.1119,617153,2.9940

DATA,2.8975,0.2198,617178,3.1173

DATA,2.9328,0.1360,617203,3.0688

DATA,2.8535,0.1327,617227,2.9861

DATA,3.0187,0.1511,617252,3.1698

DATA,2.9099,0.1280,617276,3.0379

DATA,2.8285,0.1367,617301,2.9652

DATA,2.7443,0.2325,617325,2.9768

DATA,2.8365,0.1962,617350,3.0327

DATA,2.9070,0.2187,617374,3.1258

DATA,2.7893,-0.0423,617399,2.7470

DATA,2.9212,0.2312,617424,3.1523

DATA,2.8638,0.0955,617448,2.9593

DATA,2.8449,0.2136,617485,3.0585

DATA,2.8671,0.2214,617510,3.0885

DATA,2.9243,0.1541,617534,3.0784

DATA,2.9261,0.1173,617559,3.0434

DATA,2.9290,0.0987,617583,3.0277

DATA,2.9309,0.1453,617608,3.0762

DATA,3.0279,0.1359,617632,3.1638

DATA,2.7567,0.1325,617657,2.8892

DATA,2.9380,0.1937,617681,3.1317

DATA,2.9362,0.2469,617706,3.1831

DATA,2.8595,0.1721,617731,3.0315

DATA,2.9298,0.1794,617755,3.1092

DATA,2.8529,0.1817,617780,3.0346

DATA,2.8755,0.1590,617804,3.0345

DATA,3.1087,0.2096,617841,3.3183

DATA,2.9092,0.1858,617866,3.0951

